
Last position-specific scoring matrix computed, weighted observed percentages rounded down, information per position, and relative weight of gapless real matches to pseudocounts
            A   R   N   D   C   Q   E   G   H   I   L   K   M   F   P   S   T   W   Y   V   A   R   N   D   C   Q   E   G   H   I   L   K   M   F   P   S   T   W   Y   V
    1 M    -2  -2  -3  -4  -2  -1  -3  -4  -3   1   3  -2   6   0  -3  -2  -1  -2  -1   1    0   0   0   0   0   0   0   0   0   0  46   0  54   0   0   0   0   0   0   0  0.48 0.06
    2 C     2  -2  -1  -2   2  -1  -1   2  -1  -2  -3  -1  -2  -2  -2   3   2  -2   2  -2   19   0   0   0   4   0   0  14   0   0   0   0   0   0   0  37  16   0  10   0  0.32 0.09
    3 C     4  -2  -2  -2   3  -2  -2  -1  -2  -1  -2  -2  -2  -3  -2   2   2  -3  -3  -1   46   0   0   0   9   0   0   0   0   4   0   0   0   0   0  21  19   0   0   0  0.45 0.15
    4 A     1  -1  -1  -1  -2   2   1  -2  -2  -1  -1  -1  -1  -3   0   2   0  -3  -2   2   12   0   0   0   0  15  13   0   0   0   6   0   0   0   3  27   2   0   0  23  0.20 0.10
    5 A     3  -2   0   0  -2   1  -1   0  -2  -3  -3  -1  -2  -3   0   4   0  -4  -3  -2   36   0   3   5   0   6   0   2   0   0   0   0   0   0   3  42   3   0   0   0  0.46 0.16
    6 L    -1  -3  -3  -1  -2  -2   0  -2  -1   2   2  -2   0  -2  -1  -1   0  -3  -2   3    4   0   0   3   0   0   7   2   2   5  23   0   0   0   3   3   7   0   0  42  0.23 0.12
    7 A     3  -2   4  -1  -3  -1   1   0  -2  -3  -3  -1  -3  -4  -2   2   1  -4  -3  -2   33   0  29   0   0   0  10   4   0   1   0   2   0   0   0  12   9   0   0   0  0.45 0.19
    8 P     1  -4  -2  -3  -2  -3  -2  -4  -4  -5  -5  -3  -4  -6   8  -2  -1  -6  -5  -4   10   0   2   1   1   0   2   0   0   0   0   0   0   0  79   2   4   0   0   0  2.02 0.43
    9 P    -1  -2  -3  -1  -4  -2   0  -4  -4   2  -3  -3  -3  -4   7  -2   1  -5  -4   0    4   1   0   4   0   1   5   0   0  13   0   0   0   0  53   1  12   0   0   7  1.08 0.30
   10 M    -2  -2   3   3  -3  -1   0  -3   3   0  -1  -2   0   1   1  -1   0  -3   0  -1    2   1  19  22   0   1   3   0  10   8   5   0   4   8   6   1   6   0   2   3  0.25 0.15
   11 A     3  -3  -2  -3  -1   1   0  -3  -2   2   0  -2  -1   0  -3  -1   1  -2   3  -1   31   0   1   0   1   8   5   0   0  19   5   0   0   3   0   1   9   0  15   0  0.28 0.20
   12 A     2  -2   0   3  -3   2   2   0   1  -3  -3  -1  -2  -3  -1   0   1  -4  -3  -1   21   0   3  19   0  12  13   5   4   0   0   1   0   0   2   3  11   0   0   6  0.30 0.18
   13 T    -2  -1  -2   0  -3  -1   1  -4   0   4   0  -2   0  -2  -3  -1   3  -4  -3   1    1   3   1   6   0   3  11   0   3  33   4   0   1   1   0   2  23   0   0   8  0.31 0.21
   14 V     0  -1  -2  -3  -3  -2  -3  -2   3   0   1  -2  -1  -2   3   0   3  -4  -2   1    5   2   1   1   0   0   0   2  10   5  17   0   0   1  14   4  24   0   0  13  0.29 0.19
   15 G     0  -3  -1  -2  -3  -1   0   5  -3  -1   1  -3  -2  -3  -2  -1   1  -4  -4  -1    5   1   1   1   0   2   8  46   0   4  16   0   0   0   1   1  10   0   0   4  0.48 0.23
   16 P     0   1   1  -1  -3  -1  -1   0   6  -4  -4  -1  -2  -3   2   2   1  -4  -1  -2    7   7   5   3   0   1   2   8  24   0   0   0   1   0   9  21   7   0   2   3  0.42 0.23
   17 E     0   1   0   0  -3   1   2   3  -2  -3  -3  -1  -2  -4  -3   1   2  -4  -3  -2    8   9   3   4   0   5  15  24   0   0   2   1   0   0   0  10  15   0   0   2  0.31 0.19
   18 S     1  -2  -2  -2  -3   2  -2   1  -1  -4  -4  -1  -2  -1  -2   4   2  -1  -3  -2   11   1   0   0   0  10   1   9   1   0   0   2   0   2   1  43  15   1   0   1  0.54 0.33
   19 I    -1   0  -1   4  -3  -1  -1  -3  -3   1   1  -1  -1   1  -3  -1   0  -3  -2   1    3   7   2  28   0   3   0   0   0  11  14   3   0   9   0   3   7   0   0  10  0.23 0.17
   20 W    -2  -1  -5  -6  -1  -4  -5  -5  -5  -4  -3  -5  -4   3  -4  -3   1  11   0  -2    4   3   0   0   1   0   0   0   0   0   2   0   0  11   1   1  10  58   2   4  2.20 0.63
   21 L    -1  -5  -5  -5  -4  -4  -5  -3   1  -1   5  -5  -1   2  -5  -4  -3  -3   4  -1    5   0   0   0   0   0   0   2   3   2  62   0   0   9   0   0   0   0  13   3  0.94 0.43
   22 W    -3  -6   0  -7  -6  -4  -4  -4  -6  -5  -1  -6  -3   1  -7  -5   0  12   0  -3    3   0   6   0   0   0   1   1   0   0   5   0   0   6   0   0   6  67   2   2  2.75 0.83
   23 I     2  -4  -5  -5  -3  -4  -4  -4  -5   4   1  -4  -1  -1  -4  -3   1  -3  -3   4   19   0   0   0   0   0   0   0   0  25  14   0   0   2   0   0   8   0   0  31  0.65 0.34
   24 G     1  -4  -2  -3  -2  -4  -4   4  -4   0  -2  -4  -2  -3  -4  -2   0  -1   0   4   11   0   2   1   1   0   0  28   0   5   2   0   0   0   0   1   6   1   4  39  0.62 0.35
   25 T     0  -5  -5  -5   5  -5  -5  -5  -4  -1   0  -5  -2   7  -5  -2   2  -2  -1   1   10   0   0   0  11   0   0   0   0   3   6   0   0  43   0   1  15   0   0   9  0.97 0.44
   26 I     4  -4  -4  -4   1  -2  -4  -1  -4   2   1  -3  -1  -1  -4   0  -1  -4  -3   2   37   0   0   0   3   1   0   4   0  13  12   0   0   2   0   8   2   0   0  18  0.46 0.30
   27 G     0  -4  -4  -5  -1  -4  -4   3  -5   3   2  -4  -1  -1  -4  -2  -2  -4  -3   3    7   0   0   0   1   0   0  23   0  23  20   0   1   2   0   2   0   0   0  21  0.53 0.30
   28 M    -3  -5  -4  -5  -5  -4  -4  -6  -5  -1   0  -5  10   2  -6  -5  -4  -5  -4  -2    2   0   1   1   0   0   1   0   0   2   6   0  76   8   0   0   0   0   0   1  2.34 0.81
   29 T     3  -3  -3  -4  -2  -3  -3   2  -4  -1   2  -3   0   0  -3   0   1  -4  -2   0   29   0   0   0   0   0   0  17   0   2  20   0   2   5   0   4  11   0   1   6  0.34 0.25
   30 L     1  -4  -5  -5  -1  -4  -5  -3  -5   3   4  -4  -1   1  -4  -2  -1  -4  -3   3   13   0   0   0   1   0   0   1   0  17  37   0   0   7   0   1   4   0   0  19  0.58 0.31
   31 G     2  -4  -3  -3   1  -3  -3   4  -4  -4  -5  -3  -4  -1  -4   5   0  -5  -4  -2   16   0   0   0   3   0   0  26   0   1   0   0   0   3   0  42   5   0   0   2  0.80 0.42
   32 T     2  -3  -2  -1  -2  -3  -3   0  -4  -1  -1  -3   1  -4  -3   3   4  -5  -4  -2   20   0   0   2   0   0   0   6   0   3   6   0   4   0   0  26  29   0   0   1  0.56 0.36
   33 L     0  -5  -5  -6  -2  -5  -5  -2  -5   3   5  -5  -1   2  -5  -4  -3  -4  -3   2   10   0   0   0   1   0   0   3   0  16  53   0   0   7   0   1   0   0   0  10  0.79 0.38
   34 Y     2  -4  -4  -4  -1  -3  -4   0  -1   2   1  -4  -1   0  -4  -2  -1   1   3   3   20   0   0   0   1   0   0   9   1  10  12   0   1   4   0   1   3   2  11  25  0.35 0.25
   35 F    -3  -5  -6  -6  -5  -6  -6  -6  -5   2   0  -6   2   8  -5  -4  -3   1   0  -1    2   0   0   0   0   0   0   0   0  11   7   0   4  67   1   1   2   2   1   3  1.67 0.60
   36 V     1  -4  -4  -4  -3  -3  -4  -1  -3   3   1  -3   3   0  -4  -2   0   2   4   2   13   0   0   0   0   0   0   6   0  16  16   0   7   3   0   2   4   3  16  12  0.36 0.24
   37 G     2  -3  -3  -4  -2  -2  -4   2  -3   1   0  -3  -1   3  -4  -1  -1   4   3   1   20   1   0   0   0   1   0  15   0   9   6   0   0  12   0   5   4   6  11   9  0.33 0.23
   38 R    -2   0  -3  -3  -2   0  -3  -1  -1   0   3   0   5   0  -4  -2  -1   5  -2  -1    2   7   1   2   1   4   0   5   1   3  35   6  15   2   0   2   3   8   1   3  0.42 0.27
   39 G     3  -3  -3  -2  -2  -3  -2   4  -4  -4  -2  -2  -2  -3  -3   3   0  -5  -2  -3   24   1   0   1   1   0   1  27   0   1   3   1   1   1   0  29   6   0   1   0  0.62 0.35
   40 R     0   3  -3  -4  -3  -1  -2  -3   1  -2   0   0   0   3  -4   0  -1   7   2  -1   11  17   1   0   0   1   1   1   4   1   8   5   2  14   0   6   4  14   7   3  0.44 0.25
   41 G    -1   4   2  -1  -3  -1  -2   1  -1  -3  -2   1  -2  -3  -2   1   1  -3  -2  -1    3  27  13   3   0   2   1   9   1   1   5   6   1   1   1  10  12   0   1   4  0.32 0.20
   42 V     1  -1  -2  -2  -2  -1  -1  -2  -2   1   0  -1   1   0   0   0  -1  -1  -1   3   15   2   1   2   0   2   4   2   0   7  10   4   3   5   5   6   3   1   2  28  0.14 0.13
   43 R     0   3  -2  -2  -4   1   0  -2   1  -4  -4   3  -3  -4   4   0   0  -4  -3  -2    6  20   1   1   0   5   6   2   3   0   1  18   0   0  22   5   7   0   0   2  0.54 0.28
   44 D    -1   0   0   3  -3  -1   0   0  -1  -1  -1  -2  -2  -3   4   0   0  -4  -2   1    4   5   3  17   0   2   4   6   2   4   6   1   0   0  20   6   8   0   1  11  0.27 0.17
   45 R     0   3   0  -1  -4   2   1   0   0  -3  -3   0  -2  -3   2   1  -1  -4  -1  -1    6  19   4   2   0  13   7   6   2   1   2   5   1   1  12  11   3   0   2   6  0.26 0.18
   46 K    -1   4  -2  -1  -4   0   1   1  -1  -4  -4   4  -3  -4   1   0   0  -4  -3  -3    4  22   0   2   0   3   9  10   1   0   1  25   0   0   8   7   5   0   0   1  0.46 0.26
   47 M     1   1   0   0  -2   2   0  -1   2  -2  -1   0   0  -1  -1   0   0   2   0  -1   14  10   5   5   0  10   6   3   7   2   5   4   3   2   1   8   7   3   2   2  0.10 0.08
   48 Q    -4   7  -3  -4  -6   2  -1  -3  -1  -6  -4   2  -4  -4  -5  -3  -3  -5   0  -5    1  65   0   0   0  10   3   2   1   0   1  11   0   0   0   1   1   0   3   1  1.42 0.56
   49 E     0  -1  -3  -3  -3   0   0  -3   1   2   3   1   0  -1  -3  -2  -1  -4  -2   2    7   2   0   0   0   3   9   2   4  11  33   9   1   1   0   1   3   0   1  14  0.24 0.19
   50 F    -4  -2  -4  -2   0  -4  -5  -4   2   1   0  -4   0   7  -4  -4  -3  -2   4  -1    1   2   0   2   2   0   0   1   5   8   7   0   2  51   1   1   1   0  13   3  1.09 0.43
   51 Y    -3  -3  -2  -3  -6  -3  -4  -3   9  -4  -4  -3  -4   2  -3  -4   0   1   6  -4    2   1   1   1   0   0   0   2  44   0   1   1   0   6   1   0   5   2  30   1  1.61 0.60
   52 I     0  -3  -2  -4  -3   1  -2  -3  -1   2   0  -3  -1   1  -4  -2   0  -1   5   2    6   0   2   0   0   8   1   2   1  14   9   0   1   4   0   2   7   1  24  20  0.41 0.27
   53 I     0  -4  -5  -4   1  -4  -5  -5  -5   4   4  -4   0  -2  -4  -2   0  -4  -3   2    8   0   0   1   2   0   0   0   0  30  36   0   1   0   0   2   7   0   1  11  0.66 0.33
   54 T     2  -4   1  -4  -1  -3  -3  -3   3  -2   0  -3  -1  -3  -1   0   5  -5  -4   0   16   0   8   0   1   0   0   1   7   1   8   0   1   1   2   5  45   0   0   5  0.64 0.39
   55 I     3  -4  -3  -4  -1  -3  -3  -1  -4   2   0  -3   0   1  -3   1   3  -4  -3   0   32   0   0   0   1   0   0   3   0  17   6   0   2   6   0   9  18   0   0   5  0.41 0.29
   56 F     1  -4  -4  -4  -3  -3  -4   0  -3   2   2  -3   2   4  -3   0  -1  -3   0   0   16   0   0   0   0   0   0   7   0  10  23   0   6  19   0   8   2   0   3   4  0.35 0.23
   57 I    -2  -6  -6  -6  -4  -5  -6  -6  -6   6   0  -5   1  -1  -5  -4  -2  -5  -3   4    2   0   0   0   0   0   0   0   0  57   3   0   3   2   0   1   2   0   0  30  1.31 0.51
   58 T    -1  -4  -1  -4   5  -4  -4  -4  -5  -2   1  -4  -2  -4   4   0   5  -5  -4  -1    4   0   3   0  12   0   0   0   0   1  13   0   1   0  21   4  37   0   0   4  0.82 0.42
   59 T     2  -4  -3  -4  -3  -3  -4   1  -4   2   1  -3   1   2  -4  -1   3  -3  -2   0   19   0   0   0   0   0   0  13   0  12  17   0   4  11   0   2  19   0   0   3  0.33 0.25
   60 I    -3  -5  -5  -6  -4  -5  -5  -6  -6   6  -1  -5  -2   1  -5  -4   2   3  -3   4    1   0   0   0   0   0   0   0   0  47   2   0   0   7   0   0  13   4   0  27  1.08 0.46
   61 A     6  -4  -4  -4  -4  -4  -4  -2  -5  -5  -5  -4  -4  -4  -3   4  -1  -6  -5  -3   62   0   0   0   0   0   0   1   0   0   0   0   0   0   0  34   2   0   0   0  1.33 0.60
   62 A     4  -4  -3  -4   2  -3  -4   0  -4   1  -3  -3  -2   3  -4   1   2  -4  -2  -2   36   0   0   0   4   0   0   8   0   8   1   0   0  16   0  12  15   0   0   1  0.54 0.34
   63 A     0  -4  -4  -4   1  -4  -4  -3  -4   4   2  -4   0   0  -4   0   1  -4  -3   2    9   0   0   0   4   0   0   2   0  29  21   0   2   4   0   7   8   0   0  15  0.44 0.25
   64 M     5  -4  -1  -3   0  -3  -3  -2  -4  -2  -2  -3   0  -2  -4   4   0  -5  -3  -2   46   0   3   0   2   0   0   1   0   2   4   0   2   1   0  33   3   0   1   2  0.78 0.43
   65 Y    -6  -6  -6  -5  -7  -6  -6  -7  -2  -6  -5  -6  -5  -1  -7  -6  -6   2  10  -6    0   0   0   1   0   0   0   0   0   0   0   0   0   0   0   0   0   2  97   0  3.33 1.00
   66 F    -2  -5  -5  -6  -4  -5  -5  -4  -4  -2   3  -5   1   7  -6  -4  -1   0   4  -1    4   0   0   0   0   0   0   1   0   0  26   0   3  45   0   1   4   1  12   3  1.12 0.45
   67 A     5  -4  -3  -4   2  -3  -3   1  -4  -2  -1  -3  -2  -1  -4   3   0  -5  -4  -2   47   0   0   0   4   0   0   9   0   1   7   0   1   2   0  20   6   0   0   2  0.64 0.37
   68 M    -4  -6  -6  -7  -6  -2  -4  -7  -6  -2   2  -6  10  -4  -7  -6  -4  -6  -5  -3    0   0   0   0   0   2   1   0   0   1  13   0  81   0   0   0   1   0   0   0  2.71 0.92
   69 A     6  -4  -4  -5  -4  -4  -4   1  -5  -3  -2  -4  -4  -1  -4   0  -1   1  -2  -2   69   0   0   0   0   0   0   8   0   1   4   0   0   3   0   6   2   2   1   2  1.04 0.51
   70 T    -1  -2  -3  -4  -3  -2  -3  -4  -4  -2   2  -3   0   1  -4   4   4  -1  -3  -1    4   1   0   0   0   1   0   0   0   1  18   0   2   6   0  37  25   1   0   3  0.62 0.40
   71 G    -3  -4   2   2  -6  -2  -4   6  -1  -7  -7  -3  -6  -6  -3  -2  -4  -6  -6  -6    0   0  11  13   0   1   0  70   1   0   0   1   0   0   1   1   0   0   0   0  1.55 0.58
   72 F    -3  -3  -3  -1  -4   3  -1  -1   2   1   3  -3   0   2  -4  -2  -2  -2   2  -1    0   0   0   4   0  16   3   6   5   7  32   0   1   9   0   3   1   0   8   3  0.34 0.26
   73 G    -1  -6  -4  -5  -6  -5  -5   7  -5  -7  -7  -4  -6  -6  -5  -4   0  -6  -6  -5    3   0   0   0   0   0   0  89   0   0   0   1   0   0   0   0   5   0   0   0  2.11 0.71
   74 V     1  -2  -1  -2  -3  -1  -2  -2  -1   1   0  -1   0   1  -3   1   0   6   0   2   11   1   3   1   0   2   2   1   1  10   7   4   1   6   0  10   7  13   2  17  0.27 0.18
   75 T     0  -3  -1  -2  -3  -2  -2  -2  -4   1   0  -3  -2  -2  -3   1   5  -4  -2   2    5   0   3   1   0   1   3   2   0   7   9   1   0   1   0  12  38   0   1  16  0.46 0.30
   76 E     1  -3  -2  -1  -3  -1   1  -3   0  -1  -2  -2  -1   1   5   0   0  -2   1   0   11   1   1   2   0   2  10   1   2   4   3   1   1   7  30   5   5   0   6   7  0.45 0.24
   77 V    -2  -3   1   1  -3  -2  -3  -3  -1   4   1   0   1  -2  -2  -2   0  -4  -3   3    2   0   6   8   0   1   0   1   2  26  10   6   3   0   1   2   6   0   0  23  0.31 0.21
   78 M     0  -1   0  -1  -2   1   1  -1   3  -1  -1  -1  -1  -2   2   0   2  -3  -1  -1    6   2   3   2   1   6   9   5  11   3   8   3   2   2  10   5  18   0   1   3  0.16 0.13
   79 V     1  -2  -2  -1  -2  -2  -2  -2   1   1   0  -2   1   0  -2  -1   0   0   0   3   16   1   1   4   0   1   2   3   5   8   4   2   4   4   1   4   7   1   2  30  0.19 0.15
   80 G     0   0   0  -1  -3   1   1   3   3  -2  -2  -1  -2  -3   2  -1   0  -3  -2  -2    9   4   4   3   0   6  10  26   8   2   2   2   1   1   8   3   7   0   1   3  0.26 0.15
   81 D     0  -1   0   3  -3  -1   1   3   1  -2  -3  -2  -3  -1   0   0   0  -3  -1  -2    5   3   2  19   0   2  12  24   4   2   1   1   0   4   4   6   6   0   2   2  0.29 0.17
   82 E     0  -1   1   1  -3  -1   1   2  -1   0  -1  -2  -1  -2   1  -1   0  -3   0   1    6   2   6   8   0   3   9  19   1   4   4   0   1   0   7   3   7   0   4  15  0.13 0.12
   83 A     0  -2   0   0   4  -1   0   1   0  -2  -2  -2   0   0  -1  -1   2  -3   2  -1    6   2   4   5  10   2   7  14   3   2   3   1   3   5   3   1  19   0   8   3  0.16 0.16
   84 L    -3   7  -3  -4  -3  -1  -3  -3   0  -3  -2   0  -4  -5  -5  -2  -3  -5  -4   0    2  71   0   0   1   2   1   2   3   1   4   2   0   0   0   2   1   0   0   9  1.41 0.56
   85 T    -1  -2  -2   0  -4   6   3  -4  -1  -1  -1  -1  -2  -3   2  -1   0  -4  -3  -2    3   1   1   5   0  40  17   1   1   3   5   1   1   1   9   3   6   0   1   3  0.65 0.36
   86 I    -2  -4  -4  -5  -3  -4  -4  -5  -4   5   0  -4  -1   3  -4  -2   0  -4  -1   4    1   0   0   0   0   0   0   0   0  36   6   0   1  12   0   3   6   0   1  31  0.77 0.34
   87 Y    -4  -5  -5  -6  -5  -3  -5  -5   0  -3  -1  -5   1   6  -3  -4  -4   6   7  -3    1   0   0   0   0   1   0   0   2   1   5   0   3  34   2   1   0  12  36   1  1.51 0.52
   88 W    -5  -5  -6  -7  -5  -4  -6  -6  -3  -3  -2  -6  -4   2  -6  -5  -3  11   7  -2    1   0   0   0   0   1   0   0   0   1   4   0   0   7   0   0   1  45  35   3  2.42 0.72
   89 A     4  -4  -4  -5  -3  -4  -4   1  -4   0   0  -4  -1  -3  -1  -1  -2  -5  -4   3   47   0   0   0   0   0   0   9   0   5   7   0   1   0   3   2   1   0   0  26  0.66 0.37
   90 R    -5   9  -4  -6  -7  -3  -4  -6  -2  -7  -6  -1  -5  -7  -6  -5  -5  -7  -6  -7    0  99   0   0   0   0   0   0   1   0   0   1   0   0   0   0   0   0   0   0  2.73 0.87
   91 Y    -6  -6  -6  -7  -7  -6  -6  -7  -1  -5  -5  -6  -5   1  -7  -6  -6   0  10  -5    0   0   0   0   0   0   0   0   1   0   0   0   0   4   0   0   0   1  95   0  3.19 0.95
   92 A     1  -5  -5  -5  -2  -4  -5  -5  -5   5   2  -4  -1  -2  -5  -3  -1  -2  -2   4   10   0   0   0   1   0   0   0   0  33  20   0   0   1   0   1   2   1   1  31  0.80 0.36
   93 D    -4  -4   2   7  -6   1  -1  -4  -4  -6  -6  -4  -6  -7  -5  -2   1  -7  -6  -6    0   0   9  70   0   7   2   1   0   0   0   0   0   0   0   2   8   0   0   0  1.67 0.63
   94 W    -7  -6  -8  -9  -7  -7  -8  -7  -7  -7  -5  -8  -6  -3  -9  -6  -7  13   0  -8    0   0   0   0   0   0   0   0   0   0   1   0   0   0   0   1   0  95   3   0  4.74 1.23
   95 L     2  -4  -4  -4  -3  -4  -4  -2  -4   1   2  -4   0   4  -4   0   1  -3  -1   1   17   0   0   0   0   0   0   2   0   6  24   0   2  23   0   7  11   0   0   8  0.43 0.27
   96 F    -3  -5  -6  -6  -2  -5  -5  -6  -5   4   3  -5  -1   4  -5  -5  -3  -4  -2   3    1   0   0   0   1   0   0   0   0  28  31   0   0  20   0   0   1   0   0  18  0.93 0.40
   97 T    -3  -5   0  -4  -5  -4  -4  -5  -5  -5  -4  -4  -4  -6  -5   2   8  -6  -5  -4    0   0   3   0   0   0   0   0   0   0   1   0   0   0   0  13  83   0   0   0  1.92 0.77
   98 T    -2  -5  -2  -4  -3  -4  -3  -3  -5  -3  -3  -4  -1   1  -5  -1   7  -1  -4  -1    3   0   1   0   0   0   1   1   0   1   2   0   2   6   0   1  77   1   0   3  1.50 0.66
   99 P    -4  -6  -6  -6  -7  -5  -5  -6  -6  -7  -3  -5  -6  -8   9  -2  -3  -8  -7  -6    0   0   0   0   0   0   0   0   0   0   3   0   0   0  93   2   2   0   0   0  2.97 0.92
  100 L    -3  -5  -7  -7  -4  -5  -6  -7  -6   1   6  -6   3  -1  -6  -6  -4  -5  -4  -1    1   0   0   0   0   0   0   0   0   4  85   0   5   2   0   0   0   0   0   1  1.57 0.60
  101 L    -4  -5  -4  -6  -4  -5  -6  -5  -2   4   5  -5   0  -3  -6  -4  -3  -5  -4   0    1   0   1   0   0   0   0   0   1  23  68   0   1   0   0   1   1   0   0   3  1.22 0.50
  102 L    -4  -5  -6  -7  -4  -5  -6  -7  -6   2   6  -6   0   0  -6  -5  -3  -5  -4   1    1   0   0   0   0   0   0   0   0   8  79   0   1   2   0   0   1   0   0   7  1.40 0.56
  103 L    -1  -5  -5  -6  -4  -4  -5  -4  -4   2   5  -5   1   1  -4  -3   0  -1   0   1    5   0   0   0   0   0   0   1   0  13  55   0   3   5   0   1   5   1   3   9  0.75 0.37
  104 D     0  -3   2   5  -1  -2   1   0  -3  -2  -2  -3  -2  -1  -4   0  -2  -2   0  -3   10   0  11  40   1   1   8   6   0   2   4   0   1   3   0   6   2   1   3   1  0.57 0.32
  105 L    -4  -5  -7  -7  -3  -5  -6  -7  -6   2   6  -6   0   0  -6  -6  -4  -5  -4  -1    0   0   0   0   0   0   0   0   0  10  82   0   1   3   0   0   1   0   0   3  1.51 0.59
  106 S     3  -4  -3  -4   3  -3  -4   3  -4  -1   2  -3   0  -2  -4   0   0  -4  -4   0   26   0   0   0   6   0   0  25   0   1  24   0   2   1   0   6   5   0   0   5  0.46 0.30
  107 L    -3  -3  -5  -6  -3  -5  -6  -6  -5  -1   6  -5   3   2  -6  -4  -3   2   0  -1    2   1   0   0   0   0   0   0   0   1  74   0   5   8   0   1   1   2   2   1  1.22 0.52
  108 L    -1  -4  -5  -5  -2  -4  -5  -5  -3   1   5  -4   0   1  -4  -2   2  -4  -3   1    5   0   0   0   1   0   0   0   1   8  53   0   1   5   0   3  17   0   0   7  0.71 0.38
  109 A     6  -4  -4  -4   0  -3  -4   0  -3  -4  -5  -4  -4  -5  -4   2   2  -6  -5  -2   65   0   0   0   2   0   0   5   0   1   0   0   0   0   0  14  11   0   0   1  1.13 0.55
  110 G    -2   0  -1  -1  -6  -4  -3   6  -5  -6  -6   0  -1  -5  -4  -2  -4  -6  -4  -6    2   6   2   4   0   0   1  72   0   0   0   7   2   0   1   2   0   0   1   0  1.42 0.56
  111 A     2  -3  -4  -4  -1  -2  -2  -4  -2   0   3  -1   3  -1  -1  -1   0  -4  -3   2   17   0   0   0   1   1   2   0   1   4  32   3   9   2   3   5   6   0   0  14  0.32 0.24
  112 N    -2  -1   3   4  -5  -3  -1  -2  -1  -5  -5  -2  -3  -5   5   2  -1  -6  -3  -4    1   3  15  22   0   0   2   3   2   0   0   1   1   0  27  19   2   0   1   1  0.81 0.41
  113 R    -1   3  -2  -4  -4  -2  -4   3  -2  -1   1  -1  -2   0  -3  -3   0   7  -1  -1    3  19   1   0   0   1   0  23   1   3  15   2   1   3   1   0   7  14   1   4  0.50 0.31
  114 N     2   1   1  -2  -3  -1  -1   0  -1  -3  -3  -1  -2  -4   3   2   1   2  -3  -1   23   9   8   1   0   1   2   6   2   1   0   3   0   0  13  14  10   4   0   3  0.32 0.24
  115 T    -1  -2   2   2  -3  -1   1  -3   2  -1  -1   0  -1  -2  -1   1   3  -4  -2  -1    3   0   8  14   0   2   9   0   7   4   5   5   2   1   3   7  25   0   1   4  0.26 0.22
  116 I    -4  -5  -2  -6  -4  -5  -6  -6  -6   6   3  -5   1  -2  -5  -4   2  -5  -3   1    0   0   2   0   0   0   0   0   0  56  22   0   2   0   0   0  11   0   0   4  1.16 0.50
  117 A     1  -4  -3  -4  -2  -4  -4   0  -4   1   3  -4   1   3  -4  -2   0   0   0   1   14   0   1   0   0   0   0   9   0   8  34   0   2  14   0   2   5   1   3   8  0.37 0.25
  118 T     1  -3  -2  -3  -2  -3  -3   0  -3   1  -1  -1   1   0  -2   1   3   4   2   1   13   1   1   0   1   0   0   6   0   7   4   2   4   4   1  10  19   7   7  12  0.25 0.21
  119 L     2  -4  -4  -5  -3  -4  -4  -4  -5   1   3  -4   1  -3  -3  -1   3  -5  -4   1   23   0   0   0   0   0   0   0   0   7  33   0   3   0   1   3  20   0   0  10  0.55 0.34
  120 I    -2  -5  -6  -6   2  -5  -6  -5  -6   6   2  -5   3  -3  -5  -5  -3  -5  -4   4    3   0   0   0   4   0   0   0   0  46  14   0   7   0   0   0   1   0   0  26  1.09 0.46
  121 G     1  -4  -4  -4  -3  -4  -4   3  -4   0   0  -4   0   3  -4  -1   0  -4  -2   2   10   0   0   0   0   0   0  26   0   3  10   0   2  17   0   5   7   0   0  21  0.44 0.29
  122 L     4  -4  -3  -5  -2  -4  -4  -2  -4   0   2  -4   3   2  -4  -1  -1  -4  -3   1   39   0   1   0   1   0   0   2   0   4  22   0  10   8   0   4   3   0   0   7  0.53 0.34
  123 D    -2  -4   3   7  -6   1  -2  -2   0  -5  -6  -4  -3  -6  -5  -1  -1  -7  -6  -4    4   0  11  64   0   6   0   2   2   0   0   0   1   0   0   5   3   0   0   1  1.41 0.59
  124 V     1  -4  -4  -4  -3  -2   1  -3  -4   3   1  -3   1  -1  -4  -3  -1   4  -2   4   11   0   0   0   0   1  10   1   0  14  15   0   4   2   0   0   3   5   1  32  0.45 0.29
  125 F     0  -4  -5  -5  -2  -4  -5  -1  -5   3   2  -4   1   2  -5  -4  -2  -4   0   4    7   0   0   0   1   0   0   5   0  20  24   0   2   9   0   0   2   0   2  28  0.56 0.30
  126 M    -4  -5  -6  -7  -5  -3  -6  -7  -5  -1  -1  -5  10   0  -6  -5  -1   0  -1   0    1   0   0   0   0   1   0   0   0   2   4   0  77   3   0   1   3   1   2   6  2.38 0.86
  127 I    -4  -6  -3  -6   3  -6  -6  -7  -6   7   0  -6   0   0  -6  -5  -3  -5  -4   4    0   0   1   0   5   0   0   0   0  58   5   0   2   3   0   0   0   0   0  25  1.34 0.54
  128 G     1  -5  -5  -5  -3  -4  -4   1  -5   3   2  -4  -1  -1  -4  -3  -1  -5  -3   4   12   0   0   0   0   0   1  10   0  16  16   0   0   3   0   0   3   0   0  38  0.58 0.33
  129 T     1  -4  -2  -4   5  -4  -4  -1  -5  -4  -2  -4   0  -1  -4   1   6  -5  -4  -3   13   0   2   0  11   0   0   4   0   0   3   0   2   3   0   8  54   0   0   1  1.02 0.53
  130 G     0  -4  -4  -5  -6  -3  -5   7  -5  -7  -4  -5  -6  -2  -5  -3  -3  -2  -6  -5    6   1   0   0   0   1   0  86   0   0   2   0   0   2   0   1   1   1   0   0  1.97 0.70
  131 A    -2  -5  -6  -6  -4  -5  -5  -3  -5   0   5  -5   0   3  -6  -5  -3  -2   2  -1    4   0   0   0   0   0   0   2   0   3  67   0   1  12   0   0   1   0   7   3  1.05 0.47
  132 I     1  -5  -4  -5  -2  -4  -5  -3  -5   3   1  -4   1   3  -5  -3  -2  -2  -2   4   13   0   0   0   0   0   0   1   0  19  13   0   3  15   0   1   2   0   0  32  0.61 0.33
  133 A     4  -5  -4  -5  -4  -4  -4   5  -4  -4  -5  -4  -5  -1  -5   0  -3  -6  -5  -4   40   0   0   0   0   0   0  49   0   0   0   0   0   3   0   6   0   0   0   0  1.27 0.55
  134 A     5  -4  -4  -1  -2  -4  -4   0  -5  -2  -4  -4  -4  -5  -4   1   2  -6  -5  -1   61   0   0   3   0   0   0   7   0   2   0   0   0   0   0  10  14   0   0   3  0.97 0.51
  135 L    -2  -4  -5  -5  -4  -4  -5  -5  -2   2   5  -5   1   4  -5  -3  -3  -3   1   1    3   0   0   0   0   0   0   1   1   9  52   0   2  17   0   1   1   0   5   7  0.82 0.38
  136 S     1  -3  -2  -3  -3  -3  -2   1  -1  -1  -2  -3   1  -3  -3   3   3  -4  -2   3   12   0   1   0   0   0   1  10   2   2   2   0   3   1   0  21  20   0   1  23  0.41 0.30
  137 S     1   0  -1   0  -3   1   1   0   2  -2  -2   1  -2  -4   2   1   1  -4  -3  -1   11   5   2   4   0   5   7   7   6   1   2   9   0   0  10  12  11   0   0   6  0.19 0.14
  138 T    -1  -2   0   0  -3   0   0   0   2  -2  -3   0  -3  -4  -1   3   3  -4  -2   0    3   1   5   5   0   3   5   7   7   2   2   4   0   0   2  28  19   0   1   8  0.30 0.24
  139 P     0   1  -1   0  -3   0   0   2   2  -3  -3  -1  -2  -3   3   2   2  -4  -1  -2    4   7   1   4   0   2   6  14   5   0   1   3   1   1  13  16  17   0   2   1  0.29 0.20
  140 G     1  -1  -1  -2  -2  -1  -1   1  -2   0   0  -1   0  -1   0   0   1   3   0   0   17   3   3   1   1   2   2  14   1   4   8   4   2   2   3   7  12   5   3   8  0.09 0.07
  141 T     1   0  -2  -3  -4   2  -1  -3   0  -1   0  -2  -1   0  -4  -1   0  -1   6   1   13   4   2   0   0  12   2   1   1   2   8   0   1   3   0   3   5   0  29  11  0.41 0.29
  142 R    -4   5  -2  -4  -6   0  -1  -4  -3  -5  -5   6  -3  -6  -4  -1  -1  -5  -5  -5    0  36   1   0   0   3   2   1   0   0   0  49   0   0   0   3   3   0   0   0  1.35 0.55
  143 I    -5  -7  -8  -8  -7  -6  -5  -7  -4   0  -2  -7  -5   1  -8  -7  -7  12   3  -5    1   0   0   0   0   0   1   0   0   5   4   0   0   6   0   0   0  73  10   0  3.44 1.02
  144 A     1  -4  -3  -4  -3  -3  -3   4  -4   0  -1  -3  -1   0  -3  -1   0   0  -2   2   12   0   0   0   0   1   1  38   0   6   6   1   1   5   1   3   5   1   1  18  0.48 0.29
  145 W    -2  -6  -7  -8  -2  -6  -7  -7  -5  -5   0  -7  -4   4  -7  -6  -6  11   5  -5    3   0   0   0   1   0   0   0   0   0  10   0   0  17   0   0   0  51  19   0  2.54 0.82
  146 W    -6  -6  -6  -7  -6  -3  -6  -7  -2  -4  -2  -6  -4   7  -7  -6  -6   8   7  -5    0   0   0   0   0   1   0   0   0   0   3   0   0  44   0   0   0  17  34   0  2.18 0.74
  147 A     3  -4  -3  -4  -3  -3  -4   2  -4   1   0  -3  -1  -1  -4  -1   3  -4  -3   2   24   0   0   0   0   0   0  15   0   6   9   0   0   3   0   2  22   0   0  17  0.44 0.31
  148 I    -2  -5  -4  -5  -1  -5  -5  -5  -5   5   1  -5   2   5  -4  -4  -3   3  -1   2    3   0   1   0   1   0   0   1   0  31   9   0   5  28   1   1   1   4   0  15  0.86 0.39
  149 S     1  -4  -3  -4  -4  -4  -3   5  -4  -5  -5  -4  -5  -5  -4   5  -1  -5  -5  -4   12   0   0   0   0   0   1  39   0   0   0   0   0   0   0  44   2   0   0   1  1.14 0.53
  150 T     0  -5  -3  -4   9  -4  -5  -2  -5   0  -1  -5   2  -3  -5  -1   2   2  -4   1    7   0   1   1  41   0   0   3   0   4   7   0   6   1   0   3  15   3   0   8  1.11 0.47
  151 G     2  -4  -4  -4   1  -4  -4   1  -4   3   1  -4   0   1  -4  -1  -1  -2  -3   3   21   0   0   0   3   0   0  10   0  19  12   0   1   6   0   2   2   0   0  21  0.37 0.25
  152 A     5  -4  -4  -4   1  -4  -4   0  -4  -3  -2  -4   1   3  -4   1  -2  -2  -3  -2   58   0   0   0   2   0   0   6   0   1   3   0   3  14   0   8   1   0   0   1  0.88 0.46
  153 L    -5  -5  -5  -6  -5  -3  -4  -6  -2  -2   3  -5   3   6  -6  -5  -4  -2   5  -2    0   0   0   0   0   1   1   0   1   0  26   0   9  37   0   0   0   0  23   1  1.29 0.52
  154 L     0  -4  -5  -5  -1  -4  -5  -2  -5   1   4  -5   0   4  -5  -4  -3   0  -2   2    8   0   0   0   1   0   0   3   0   8  48   0   1  16   0   1   0   1   0  13  0.71 0.35
  155 A     0  -4  -3  -4  -2  -4  -4   1  -2   0  -1  -4  -1   3   0  -2   1   2   4   3    9   0   0   0   0   0   0  11   0   4   4   0   1  14   5   1   8   2  17  23  0.40 0.27
  156 L    -2  -5  -5  -6  -4  -5  -5  -6  -5   4   2  -5   0  -2  -5  -4   0  -5  -4   5    1   0   0   0   0   0   0   0   0  26  20   0   1   0   0   1   5   0   0  45  1.00 0.44
  157 L     0  -4  -5  -5  -2  -4  -4  -3  -3   2   3  -4   0   2  -5  -4  -2   5  -1   3    8   0   0   0   0   0   0   2   0  12  32   0   2   9   0   0   1   7   1  24  0.58 0.30
  158 Y    -3  -5  -5  -6  -6  -3  -4  -5   2  -3  -3  -5  -2   3  -6  -3  -4   7   8  -2    2   0   0   0   0   1   1   1   4   1   1   0   1   8   0   2   0  14  60   3  1.91 0.69
  159 V    -1  -1   0  -3  -3   2  -1   0   4   0   0  -2   1   1  -3  -1  -1  -3   1   1    5   2   5   0   0  13   3   9  12   6  11   1   4   7   0   4   2   0   5  13  0.15 0.16
  160 L    -4  -5  -6  -6  -4  -5  -5  -3  -5   3   5  -5   1   0  -5  -5  -2  -2  -3   2    0   0   0   0   0   0   0   2   0  15  63   0   3   2   0   0   1   0   0  12  1.04 0.45
  161 V     1  -4  -4  -4  -3  -4  -4   1  -3   0   2  -4   0   2  -3  -2  -1   5   2   2   14   0   0   0   0   0   0  11   0   3  24   0   1   9   1   1   3   7   6  19  0.38 0.25
  162 G     0   0  -1  -3  -3  -1  -2   2  -2   0   0  -1  -1   2  -3  -1   0   4   1   2    7   5   3   0   0   2   1  15   1   5   6   3   1  10   0   4   8   7   4  20  0.18 0.16
  163 T    -1  -1   2   0  -4   1   2   0   4  -2  -4  -1  -3  -4   3   1   1  -4  -2  -1    3   2  10   3   0   6  13   6  12   2   0   2   0   0  16  11   9   0   1   5  0.35 0.23
  164 L     1  -3  -3  -3  -4  -3  -4   4  -4  -1   2  -4   0   1  -4  -2  -2   4   1  -1   12   1   0   1   0   1   0  35   0   2  22   0   3   7   0   2   1   6   4   3  0.52 0.30
  165 S     0   5  -2  -3  -4   0  -2   0  -3  -3  -1   0  -2  -3   2   0   1  -2  -3  -3    6  42   0   1   0   4   1   6   0   1   6   3   0   1  11   9   7   1   0   1  0.58 0.34
  166 E     2   4   0  -1  -4   1   2  -2  -1  -3  -3   2  -2  -4  -2   0  -1  -4  -3  -1   16  28   3   3   0   6  12   1   1   1   2  11   0   0   1   6   4   0   0   4  0.40 0.26
  167 N     2   0   1   0  -2   0   0  -2   3  -2  -2   0  -1  -2  -3   2   1  -3   1  -2   20   4   6   4   1   4   6   1   8   2   4   6   1   1   0  16  10   0   5   1  0.19 0.18
  168 A     6  -4  -1  -4  -4  -4  -3  -3  -5  -3  -4  -4  -3  -5  -3   1   0  -6  -5   2   68   0   3   1   0   0   1   0   0   0   1   0   0   0   1   8   4   0   0  13  1.10 0.55
  169 R     1   2   1  -1  -3   0   1  -2  -1  -2  -1   2  -1   1  -2   1  -1  -3  -1  -2   15  14   6   3   0   4   8   2   1   1   6  15   1   7   1  10   1   0   1   2  0.17 0.16
  170 N     2   2   1   1  -2   1   1   0   1  -2  -2  -1  -3  -2  -2   1   0  -4  -2  -2   24  13   9   6   1   5  11   5   4   1   2   1   0   1   1   9   5   0   1   2  0.22 0.19
  171 R     0   3  -2  -2  -3   1   0  -1   0  -1   1   3   0  -2  -3  -1   0  -4  -1  -1   10  16   1   1   0   5   7   4   3   2  17  21   2   1   0   2   4   0   1   3  0.21 0.19
  172 A     0  -2  -1   3  -4  -2  -2   5   0  -5  -4  -3  -5  -3  -2   2  -2  -5  -4  -5    7   3   1  18   0   1   1  46   2   0   1   0   0   1   2  16   1   0   0   0  0.81 0.40
  173 P     1  -1   0   2  -3   0   0   2  -1  -3  -3  -1  -2  -4   3   1   0  -4  -3  -2   14   3   5  13   0   4   6  15   1   1   1   2   1   0  14  13   5   0   0   3  0.31 0.19
  174 E     0   2   0   4  -4   1   2   0  -1  -4  -4   1  -2  -4  -2   0  -1  -4  -4  -2   10  10   2  27   0   7  14   7   1   1   0  10   1   0   1   5   2   0   0   2  0.42 0.24
  175 V     0  -1  -2  -4  -3  -2  -4  -4  -1   2   1  -2  -1   0  -3  -1   3  -4  -1   4    7   3   1   0   0   1   0   0   1   9  10   2   1   4   1   3  20   0   1  36  0.43 0.29
  176 A     2   4  -2  -3  -4   1  -1   1   0  -2  -2   2  -2  -3  -3   1  -1  -4  -2  -2   18  24   1   0   0   7   3  12   3   1   5  11   0   1   1   9   3   0   1   2  0.31 0.23
  177 S     1   3   0  -1  -4   0   0   0  -3  -3  -4   2  -3  -3  -2   2   0  -5  -4  -2   14  20   3   3   0   3   5   6   0   1   0  15   0   1   1  20   6   0   0   2  0.37 0.25
  178 L     1  -2  -2  -3  -2  -2  -3  -1  -1   1   2  -2   0   2  -4  -1   2  -3  -2   1   12   2   1   1   0   1   0   5   2   7  28   2   1  10   0   3  18   0   0   9  0.25 0.21
  179 F    -4  -6  -5  -7  -6  -6  -6  -7  -3  -3  -4  -6   0   7  -7  -4  -4   0   7  -4    1   0   0   0   0   0   0   0   0   1   0   0   2  50   0   1   1   1  43   0  2.17 0.75
  180 G     0   1   2   0  -3  -1  -2   2  -2  -1   0   0   0  -2  -3   1   2  -1  -2  -1    5  11  13   4   0   0   1  17   1   3  10   4   3   1   0   9  14   1   1   4  0.17 0.16
  181 R     0   2  -1  -3  -3   0  -2  -1  -2  -1   0   2   0  -2  -2   2   3  -1  -1  -1    8  13   2   0   0   4   0   3   0   3   7  12   3   1   1  14  23   1   2   4  0.23 0.21
  182 L     0  -4   0  -5   4  -4  -5  -2  -5   2   4  -4   1  -1  -4  -1  -2  -4  -3   0    6   0   5   0   8   0   0   4   0  12  50   0   2   1   0   5   1   0   0   5  0.60 0.33
  183 R     3   3  -2  -3  -2  -2  -3   1  -3  -2  -1   0  -3  -3  -3   2   1  -5  -4  -1   28  18   0   0   1   0   0  12   0   1   6   5   0   1   0  16   7   0   0   4  0.37 0.28
  184 N     0  -3   3  -3  -1  -3  -3   2  -3   0   0  -2  -1  -2  -2   0   1   4  -3   1   10   0  16   0   1   0   0  18   0   7  11   1   0   1   1   7   8   7   0  12  0.29 0.23
  185 L    -1  -4  -5  -5  -1  -4  -5  -5  -2   2   3  -4   1   4  -5  -2  -2   4   4   0    5   0   0   0   1   0   0   0   1  10  33   0   3  17   0   3   2   5  14   7  0.64 0.32
  186 V    -1  -4  -2  -4  -3  -3  -3  -3   0   1   2  -4  -1  -1  -4  -1   5  -5  -3   1    5   0   1   0   0   1   0   1   3   8  23   0   0   3   0   3  41   0   0  10  0.63 0.38
  187 I     0  -4  -4  -5  -1  -4  -4  -3  -4   2   3  -4   1   0  -4   0   1  -4  -3   3    9   0   0   0   1   0   0   1   0  13  30   0   2   3   0   8  10   0   0  24  0.46 0.28
  188 A     0  -5  -5  -5   1  -5  -5  -2  -5   3   1  -5  -2   3  -5  -3  -1  -4  -2   5    6   0   0   0   3   0   0   3   0  17  12   0   0  14   0   2   2   0   0  42  0.73 0.37
  189 L    -1  -5  -5  -6  -2  -4  -5  -4  -5   3   4  -5   2  -1  -5  -3  -1  -4  -3   3    6   0   0   0   0   0   0   1   0  13  50   0   5   1   0   2   4   0   0  18  0.77 0.37
  190 W    -7  -6  -8  -9  -7  -6  -7  -7  -7  -6   0  -3  -4   1  -8  -6  -4  13  -2  -7    0   0   0   0   0   0   0   0   0   0   9   2   0   4   0   0   1  82   0   0  3.87 1.12
  191 F     0  -4  -4  -4   2  -3  -4  -3  -4   2   2  -4   1   2  -2   0   3  -4  -2   1    9   0   0   0   4   0   0   1   0  13  23   0   3  10   1   6  22   0   0   7  0.39 0.27
  192 L     1  -4  -4  -5   3  -4  -4   0  -4   2   3  -4   0   0  -4  -2   0  -4  -3   2   12   0   0   0   7   0   0   7   0  11  36   0   2   3   0   3   5   0   0  14  0.43 0.26
  193 Y    -6  -6  -7  -8  -7  -6  -7  -8  -3  -6  -5  -6  -5   1  -8  -6  -6  -2  10  -6    0   0   0   0   0   0   0   0   0   0   0   0   0   3   0   0   0   0  97   0  3.42 1.08
  194 P    -4  -6  -6  -6  -7  -6  -5  -7  -7  -5  -3  -5  -6  -8   9  -5  -5  -8  -7  -5    1   0   0   0   0   0   0   0   0   1   3   0   0   0  95   0   0   0   0   1  3.08 0.99
  195 V    -3  -6  -6  -6  -4  -6  -6  -7  -6   6   0  -6  -1  -1  -6  -5  -2  -6  -4   5    1   0   0   0   0   0   0   0   0  54   7   0   1   2   0   0   1   0   0  35  1.42 0.55
  196 V     2  -4  -5  -5   3  -4  -4  -3  -4   3   0  -4  -2   0  -4  -2  -2   3   0   4   18   0   0   0   8   0   1   1   0  15   6   0   0   3   0   1   0   4   3  40  0.64 0.34
  197 W    -6  -5  -7  -7  -6  -6  -6  -6  -6  -5  -2  -6  -5   2  -7  -6  -4  13  -1  -6    0   1   0   0   0   0   0   0   0   1   4   0   0   7   0   0   1  82   1   0  3.81 1.03
  198 I     2  -4  -4  -4  -3  -4  -4   3  -4   3   2  -4  -1  -3  -4  -1  -3  -4  -4   1   23   0   0   0   0   0   0  27   0  17  21   0   1   0   0   2   0   0   0   8  0.52 0.30
  199 L    -1  -5  -5  -6   1  -5  -5  -5  -5   3   4  -5   0   1  -5  -4  -3  -4  -3   3    4   0   0   0   3   0   0   0   0  16  51   0   1   5   0   1   0   0   0  19  0.86 0.39
  200 G     3  -4  -3  -4   2  -4  -3   5  -4  -5  -5  -3  -4  -5  -4   3  -2  -5  -5  -3   23   0   0   0   4   0   1  42   0   0   1   0   0   0   0  26   1   0   0   1  0.98 0.46
  201 T     1  -3  -1   2  -1   0   4  -3  -2  -4  -4  -2  -3  -5   3   0   2  -5  -2  -1   11   0   2  10   1   3  29   1   0   0   0   1   0   0  16   6  14   0   1   4  0.52 0.31
  202 E    -1  -3  -2  -1  -4  -2   4   5  -3  -4  -5  -3  -4  -5  -3   0   0  -4  -4  -4    4   0   1   3   0   1  28  46   0   1   1   0   0   0   1   7   5   0   0   1  0.90 0.40
  203 G     0  -3  -1  -2  -3  -3  -3   6  -1  -3  -3  -2  -3  -3  -2  -1  -2  -3  -3  -3    7   1   2   2   0   1   1  66   2   1   2   1   1   1   2   4   3   0   1   2  1.07 0.34
  204 T     0   0   3  -1  -1  -1  -1   0   1  -1   0  -1  -1  -1  -1   0   1  -1  -1   0    8   5  23   3   1   2   3   7   4   3  13   3   1   2   2   4   9   1   1   5  0.12 0.08
  205 F     1   0  -1  -2  -2  -1  -2  -1  -1   0   1  -1   1   2  -1   0   0  -1   0  -1   18   5   3   2   1   2   2   2   1   6  20   3   3  12   2   9   4   1   2   2  0.09 0.09
  206 G     1   1   2  -1  -2   0  -1   3  -1  -2  -1   0  -1  -1  -2   0  -1   2  -2  -2   10   9  10   2   0   3   3  29   1   1   8   4   1   3   1   5   2   3   1   2  0.23 0.13
  207 I    -1   0  -2  -4  -3  -2  -3  -3  -3   3   2   1  -1   0  -3  -2  -1   0  -2   4    3   6   2   0   0   1   0   1   0  16  18   9   0   3   0   3   2   1   1  31  0.34 0.22
  208 L    -2  -4  -3  -3  -3  -3  -4  -4  -4   5   3  -4   3   1  -4  -3   0  -4  -2   2    2   0   1   1   0   1   1   1   0  39  24   0   7   5   0   0   6   0   1  11  0.65 0.32
  209 P     0  -3   2   0  -4  -1  -2   2   0  -5  -5  -2  -4  -5   2   4   2  -5  -4  -4    5   0   9   6   0   2   1  16   2   0   0   1   0   0  10  36  12   0   0   0  0.59 0.35
  210 L    -1  -4  -3  -1  -4   0  -2  -4  -4   1   1  -4  -2  -3   4  -2  -1  -5  -4   4    3   0   1   3   0   4   2   0   0   6  16   0   0   0  23   3   4   0   0  33  0.59 0.33
  211 Y     0  -4   1   5  -1  -3  -1   1  -3  -4  -3  -3  -3  -1  -1   1   2  -2   1  -2    8   0   6  36   2   0   3  10   0   0   1   0   0   3   2   9  12   1   5   2  0.50 0.31
  212 W     1  -3  -2  -2  -2   0  -2   1  -1   0  -1  -2   1   0  -2   2   2   1  -2   1   15   0   1   1   0   3   2   9   1   5   5   1   4   4   1  20  14   2   1  11  0.17 0.18
  213 E    -2  -2  -4   0  -7  -2   7  -5  -4  -6  -5  -3  -5  -6  -5  -1   1  -6  -4  -5    4   1   0   4   0   0  79   0   0   0   1   0   0   0   0   3   8   0   0   0  1.67 0.70
  214 T     1  -4  -3  -4  -3  -2  -4  -3  -4   3  -1  -4   4  -2  -4   0   4  -5  -4   2   14   0   0   0   0   1   0   1   0  21   2   0  12   2   0   7  25   0   0  16  0.56 0.35
  215 A     1  -5  -5  -5  -1  -4  -5  -3  -5   4   2  -4   2   0  -5  -3  -2   5  -3   3   11   0   0   0   1   0   0   1   0  30  20   0   5   2   0   0   2   9   0  19  0.67 0.34
  216 A     2  -4  -4  -4   0  -4  -4   0  -4   1   1  -4   0   3  -4  -1  -1   4  -1   1   24   0   0   0   2   0   0   9   0   8  16   0   1  17   0   4   2   7   1   9  0.38 0.25
  217 F    -5  -6  -6  -7  -3  -5  -6  -7  -3   0  -3  -6  -1   6  -7  -5  -4   1   8  -2    0   0   0   0   0   0   0   0   0   5   1   0   1  29   0   0   0   2  57   3  2.01 0.71
  218 M     4  -4  -3  -4   1  -3  -4   3  -4  -2  -2  -3   4  -4  -4   0   0  -5  -4   0   36   0   0   0   3   0   0  26   0   2   3   0  11   0   0   6   6   0   0   6  0.62 0.37
  219 V    -2  -5  -6  -6  -4  -5  -5  -3  -5   5   0  -5  -1   0  -5  -4  -3  -2   2   5    3   0   0   0   0   0   0   2   0  37   8   0   1   3   0   0   0   1   6  40  0.99 0.44
  220 L    -3  -5  -6  -6  -3  -1  -5  -6  -1   0   6  -5   1  -1  -5  -2  -3  -5  -2  -2    1   0   0   0   0   3   0   0   2   4  81   0   3   2   0   3   1   0   1   0  1.30 0.55
  221 D    -6  -6  -3   8  -8  -4  -2  -5  -5  -7  -8  -5  -7  -8   0  -4  -5  -8  -7  -7    0   0   0  96   0   0   0   0   0   0   0   0   0   0   4   0   0   0   0   0  2.68 0.89
  222 L    -3  -5  -6  -6  -2  -5  -5  -6  -6   5   3  -5  -1   1  -5  -5  -2  -5  -3   4    0   0   0   0   1   0   0   0   0  31  26   0   1   6   0   0   2   0   0  34  0.97 0.42
  223 S    -1  -4  -4  -5  -1  -4  -4  -2  -4   2   3  -4   2   3  -4  -1   0  -3  -2   2    5   0   0   0   1   0   0   3   0  10  38   0   4  13   0   4   7   0   0  16  0.49 0.28
  224 A     5  -4  -2  -4  -3  -3  -4  -3  -4  -3  -2  -3  -4  -5  -4   3   2  -5  -5  -2   57   0   1   0   0   0   0   1   0   1   4   0   0   0   0  20  15   0   0   1  0.98 0.50
  225 K    -3  -1  -4  -4  -7   2  -3  -1  -4  -6  -5   8  -5  -7  -5  -4  -4  -6  -5  -5    1   1   0   0   0   9   0   5   0   0   0  83   0   0   0   0   0   0   0   0  1.87 0.73
  226 V     0  -5  -5  -5   0  -4  -4   1  -5   0  -3  -4  -3  -4   5  -3  -3  -5   1   4    7   0   0   0   2   0   0  10   0   5   0   0   0   0  34   1   0   0   6  35  0.94 0.45
  227 G    -1  -5  -4  -5  -1  -4  -5   3  -5   2   0  -4  -2  -1  -3  -3  -3  -5  -4   5    3   0   0   0   1   0   0  28   0  13   9   0   0   3   1   0   0   0   0  42  0.75 0.38
  228 F    -5  -6  -6  -7  -5  -6  -6  -6  -4  -2   0  -6  -3   8  -7  -5  -4   1   3  -2    0   0   0   0   0   0   0   0   0   2   9   0   0  75   0   1   1   2   8   2  2.05 0.67
  229 G     2  -5  -3  -4   0  -4  -4   6  -5  -4  -1  -4  -4  -4  -4   1  -2  -5  -5  -2   14   0   0   0   2   0   0  62   0   1   6   0   0   0   0  10   1   0   0   3  1.10 0.46
  230 V     1  -5  -5  -5  -4  -5  -5  -4  -3   1   1  -5  -1   6  -5  -3  -3   0   4   0   14   0   0   0   0   0   0   1   0   8  14   0   1  41   0   1   1   1  11   7  0.86 0.39
  231 I    -2  -5  -6  -6  -3  -4  -5  -4  -5   3   2  -5   2   1  -5  -4  -3   8   1   2    3   0   0   0   0   0   0   1   0  18  22   0   6   5   0   0   1  24   5  14  1.01 0.40
  232 L     1  -4  -5  -1  -2  -4  -4  -5   0   0   5  -4  -1   1  -5  -2  -3  -4  -2   0   12   0   0   4   1   0   0   0   3   3  62   0   0   6   0   3   0   0   1   5  0.75 0.38
  233 L    -2  -5  -6  -6  -2  -4  -5  -6  -5   2   5  -5   1  -2  -4  -4  -2  -4  -2   1    3   0   0   0   1   0   0   0   0  12  70   0   2   0   0   0   2   0   1   8  1.04 0.42
  234 Q     0   1   0  -3  -3  -1  -2  -2   1   1   1  -2   1   2  -3   0   0   6   1  -1    9  10   6   0   0   3   1   2   3   9  12   0   3  10   0   9   4  12   3   2  0.23 0.17
  235 S     2  -2   1   0  -3  -1  -1   3   0  -3  -3  -2  -2  -3  -3   2   1   3  -2  -2   17   2   6   4   0   1   2  23   2   0   0   1   1   0   0  21  10   5   1   3  0.38 0.23
  236 R    -2   1  -1  -2  -4   0  -1  -4   7  -1   2  -2   1  -1  -4  -2  -1  -4  -1   0    3  10   2   2   0   3   3   0  35   2  20   0   4   3   0   1   3   0   1   7  0.63 0.33
  237 S     1   4  -1   4  -4   0   0  -2  -1  -3  -4   0  -2  -4  -1   1  -1   2  -2  -2   12  26   2  24   0   3   5   2   2   1   0   2   1   0   2  10   2   3   1   2  0.44 0.26
  238 V     1   0   3   0  -3   0  -1  -1  -1  -1  -1   1  -1  -3  -3   1   0  -4  -3   1   14   3  18   5   0   3   1   4   1   4   5  12   1   0   0  13   6   0   0  10  0.17 0.15
  239 L    -1  -3   1  -2  -3  -2  -2  -4  -3   4   3  -3   3  -1  -2  -2  -1  -3  -2   2    3   0   7   2   0   1   2   0   0  26  30   0   7   2   2   3   2   0   1  12  0.38 0.22
  240 E    -1   0   0   4  -4   1   3   1  -1  -4  -3  -1  -3  -4   1   0  -1  -5  -4  -3    4   6   3  26   0   5  23   9   1   0   2   2   0   0   7   8   1   0   0   1  0.47 0.24
  241 R     0   2   0   2  -3   0   2   0   0  -4  -3   0  -3  -2   2   2   0  -4   0  -3    5  12   2  12   0   3  18   6   3   0   0   3   0   2  10  17   4   0   3   0  0.29 0.17
  242 V     3  -2  -2  -1  -2  -2  -1  -1  -1   1   0  -2  -1  -2   0   0   2  -4  -3   1   31   1   1   3   0   0   2   3   1  11   8   0   1   1   3   4  20   0   0  10  0.25 0.19
  243 A     2  -1  -1   1  -1   0   0   1   0  -1  -2  -1  -2  -3  -2   2   2  -4  -2   1   20   4   0   8   1   4   5   8   2   2   2   1   0   0   1  16  13   0   1  12  0.16 0.13
  244 T     2   0   0   0  -2   1   2  -1  -1  -1  -1  -1   0  -3  -1   1   1  -4  -3   0   21   4   5   5   0   5  14   1   1   0   7   2   2   0   1   9  13   0   0  10  0.14 0.11
  245 P     0  -3  -1   0  -3   1   2   2  -3  -3  -4  -2  -3  -4   5   2   1  -4  -4  -3    8   0   1   4   0   6  14  14   0   2   0   0   0   0  27  16  10   0   0   0  0.56 0.22
  246 T     2  -1  -2   0  -3  -1   1  -1   0  -2  -2  -1   2  -3  -2   2   3  -4  -3  -1   22   3   0   5   0   1  10   3   2   0   0   1   7   0   1  14  29   0   0   3  0.33 0.20
  247 A     3  -1  -1  -2  -2  -2  -1   2   0  -3  -2  -1  -2  -2   2   1   1   0  -3  -1   36   3   1   1   0   0   2  17   2   0   2   1   1   1   9  12   7   1   0   3  0.32 0.16
  248 A     3  -2  -1   2  -2   0   1  -2  -1  -3  -3  -2  -3  -4  -1   3   2  -4  -3  -2   35   0   0  11   0   3   8   0   1   0   0   0   0   0   1  27  13   0   0   0  0.47 0.21
  249 P     4  -3   0  -3  -3  -2  -2  -1  -3  -4  -4  -2  -3  -4   6  -1  -2  -5  -4  -3   42   0   6   0   0   0   1   2   0   0   0   0   0   0  49   0   0   0   0   0  1.16 0.24
  250 T    -1  -2  -1  -2  -2  -1  -2  -2  -2  -2  -3  -1  -2  -3  -2   3   6  -4  -3  -1    0   0   0   0   0   0   0   0   0   0   0   0   0   0   0  28  72   0   0   0  0.79 0.18

                      K         Lambda
Standard Ungapped    0.1395     0.3269
Standard Gapped      0.0523     0.2670
PSI Ungapped         0.1709     0.3177
PSI Gapped           0.0523     0.2670
