
Last position-specific scoring matrix computed, weighted observed percentages rounded down, information per position, and relative weight of gapless real matches to pseudocounts
            A   R   N   D   C   Q   E   G   H   I   L   K   M   F   P   S   T   W   Y   V   A   R   N   D   C   Q   E   G   H   I   L   K   M   F   P   S   T   W   Y   V
    1 M    -3  -3  -4  -5  -3  -2  -4  -4  -3   0   1  -3   9  -2  -4  -3  -2  -3  -3  -1    0   0   0   0   0   0   0   0   0   0   0   0 100   0   0   0   0   0   0   0  1.71 0.31
    2 K    -2   1   3  -1  -4   0   0  -2  -2  -4  -4   6  -3  -4  -2  -1  -2  -4  -3  -4    0   0  17   0   0   0   0   0   0   0   0  83   0   0   0   0   0   0   0   0  0.97 0.20
    3 K    -2   2  -1  -2  -4   0   0  -3  -2  -4  -4   7  -3  -4  -2  -1  -2  -4  -3  -4    0   4   1   0   0   0   0   0   0   0   0  95   0   0   0   0   0   0   0   0  1.14 0.22
    4 T    -1  -2  -1  -2  -2  -2  -2  -2  -3  -2  -2  -2  -2  -3  -2   2   6  -3  -3  -1    0   0   0   0   0   0   0   0   0   0   0   0   0   0   0  19  78   0   0   0  0.86 0.19
    5 A     4  -2  -2  -3  -1  -2  -2  -1  -3   0   0  -2   2  -2  -2   0   0  -3  -2   1   66   0   0   0   0   0   0   0   0   4  11   0   7   0   0   0   4   0   0   7  0.42 0.13
    6 I    -2  -4  -4  -4  -2  -4  -4  -5  -4   6   2  -4   0  -1  -4  -4  -2  -4  -2   2    0   0   0   0   0   0   0   0   0  86  11   0   0   0   0   0   0   0   0   3  0.93 0.19
    7 A     5  -3  -2  -3  -2  -2  -2  -1  -3  -2  -3  -2  -2  -3  -2   0   1  -4  -3  -1   90   0   0   0   0   0   0   0   0   0   0   0   0   0   0   0  10   0   0   0  0.85 0.20
    8 I    -1  -3  -4  -4  -2  -3  -4  -4  -4   3   3  -3   2  -1  -3  -3  -1  -3  -2   3    1   0   0   0   0   0   0   0   0  29  43   0   4   0   0   0   0   0   0  23  0.53 0.11
    9 A     5  -3  -3  -3  -2  -2  -2  -1  -3  -1   2  -2   0  -2  -2   0  -1  -3  -3  -1   75   0   0   0   0   0   0   0   0   0  23   0   2   0   0   0   0   0   0   0  0.59 0.17
   10 V    -1  -4  -4  -4  -2  -3  -4  -4  -4   3   1  -3   1  -1  -4  -3  -1  -4  -2   5    0   0   0   0   0   0   0   0   0  16   9   0   2   0   0   0   0   0   0  73  0.71 0.16
   11 A     5  -2  -2  -2  -1  -2  -2   0  -2  -2  -2  -2  -2  -3  -2   2   0  -4  -3   0   67   0   0   0   0   0   0   4   0   0   0   0   0   0   0  19   3   0   0   7  0.55 0.15
   12 L    -1  -3  -3  -3  -2  -3  -3   3  -3   0   3  -3   0   0  -3  -2  -2  -3  -2   1    3   0   0   0   0   0   0  36   0   4  44   0   0   3   0   0   0   0   0   9  0.40 0.10
   13 A     4  -2  -2  -2  -1  -1  -2  -1  -2  -1   1  -1   1  -2  -2   1   0  -2  -2   0   52   1   0   1   0   0   1   1   0   1  22   1   5   0   1   7   5   0   0   2  0.28 0.09
   14 G     2  -3  -2  -2  -2  -2  -3   4  -3  -2   1  -2   0  -2  -3   0  -2  -3  -3  -1   23   0   0   0   0   0   0  48   0   0  20   0   3   0   0   3   0   0   0   2  0.49 0.11
   15 F     0  -4  -4  -4  -3  -4  -4  -4  -3  -1   1  -4  -1   7  -4  -3  -1  -1   1  -1   13   0   0   0   0   0   0   0   0   0  14   0   0  69   0   0   3   0   0   1  0.88 0.18
   16 A     5  -3  -2  -3  -2  -2  -2  -1  -3  -2  -2  -2  -2  -3  -2   0   1  -4  -3   0   83   0   0   0   0   0   0   0   0   0   0   0   0   0   0   1   9   0   0   6  0.73 0.18
   17 T     2  -2  -1  -2  -2  -2  -2   1  -3  -2  -3  -2  -2  -3  -2   1   5  -4  -3  -1   18   0   0   0   0   0   0  10   0   0   0   0   0   0   0   7  66   0   0   0  0.65 0.17
   18 V     1  -3   1  -3  -2  -2  -2  -3  -3   1   0  -2   0  -2  -3   0   0  -4  -2   4   13   0  11   0   0   0   0   0   0   1   6   0   0   0   0   8   4   0   0  57  0.33 0.12
   19 A     5  -3  -3  -3  -1  -2  -2  -1  -3  -1  -2  -2  -1  -3  -2   0   0  -4  -3   2   74   0   0   0   0   0   0   0   0   0   1   0   0   0   0   0   6   0   0  18  0.60 0.16
   20 Q    -2   0  -1  -2  -5   8   0  -3   1  -4  -4   0  -2  -5  -3  -2  -2  -4  -3  -4    0   0   1   0   0  96   0   0   3   0   0   0   0   0   0   0   1   0   0   0  1.51 0.29
   21 A     6  -3  -3  -3  -2  -2  -2  -1  -3  -3  -3  -2  -2  -4  -2   0  -1  -4  -3  -1  100   0   0   0   0   0   0   0   0   0   0   0   0   0   0   0   0   0   0   0  1.05 0.23
   22 A     6  -3  -3  -3  -2  -2  -2  -1  -3  -3  -3  -2  -2  -4  -2   0   0  -4  -3  -1   96   0   0   0   0   0   0   0   0   0   0   0   0   0   0   0   4   0   0   0  0.98 0.22
   23 P     0  -3  -3  -3  -4  -3  -2   1  -3  -4  -4  -2  -4  -5   8  -2  -2  -5  -4  -3   10   0   0   0   0   0   0  14   0   0   0   0   0   0  77   0   0   0   0   0  1.80 0.23
   24 K    -2   2   0  -2  -4   5   0  -3  -1  -4  -3   5  -2  -4  -2  -1  -2  -4  -3  -3    0   6   2   0   0  39   0   0   0   0   1  52   0   0   0   0   0   0   0   0  0.85 0.19
   25 D     0  -3   1   7  -4  -2   0  -2  -2  -4  -5  -2  -4  -5  -3   0  -2  -5  -4  -4   10   0   3  84   0   0   0   0   0   0   0   0   0   0   0   3   0   0   0   0  1.26 0.22
   26 N    -3  -2   7   2  -4  -1  -1   0  -1  -5  -5  -1  -4  -4  -3  -1  -1  -5  -4  -4    0   0  84   9   0   0   2   5   0   0   0   1   0   0   0   0   0   0   0   0  1.27 0.23
   27 T    -1  -3  -1  -3  -2  -2  -2  -3  -3  -2  -3  -2  -2  -4  -3   0   7  -4  -3  -1    0   0   0   0   0   0   0   0   0   0   0   0   0   0   0   0 100   0   0   0  1.33 0.28
   28 W    -4  -5  -6  -6  -4  -4  -5  -5  -4  -4  -3  -5  -3   3  -6  -5  -4  12   1  -4    0   0   0   0   0   0   0   0   0   0   0   0   0  11   0   0   0  89   0   0  3.31 0.37
   29 Y    -3  -3  -4  -5  -4  -3  -4  -5   0  -3  -3  -4  -3   2  -5  -3  -3   1   9  -3    0   0   0   0   0   0   0   0   0   0   0   0   0   0   0   0   0   0 100   0  2.09 0.33
   30 A     2  -2   0  -2  -2  -2  -2   1  -3   0  -1  -2  -1  -3  -2   0   4  -3  -3   1   30   0   3   0   0   0   0   9   0   3   3   0   0   0   0   0  43   0   0   9  0.36 0.13
   31 G    -1  -4  -2  -3  -4  -3  -4   7  -3  -5  -5  -3  -4  -5  -4  -2  -3  -4  -5  -5    0   0   0   0   0   0   0 100   0   0   0   0   0   0   0   0   0   0   0   0  1.70 0.24
   32 A     4  -3  -2  -2  -2  -2  -2   4  -3  -3  -3  -2  -2  -3  -2   1  -1  -4  -3  -1   52   0   0   0   0   0   0  38   0   0   0   0   0   0   0   7   0   0   0   3  0.67 0.15
   33 K    -1   1  -2  -2  -4   0  -1  -3  -2  -4  -4   7  -3  -5  -2  -2  -2  -4  -3  -4    3   0   0   0   0   0   0   0   0   0   0  97   0   0   0   0   0   0   0   0  1.25 0.26
   34 L     1  -3  -4  -4  -2  -3  -3  -3  -4   0   4  -3   2  -1  -3  -2  -2  -3  -2   0   20   0   0   0   0   0   0   0   0   0  73   0   4   0   0   0   0   0   0   3  0.60 0.16
   35 G    -1  -4  -2  -3  -4  -3  -4   7  -3  -5  -5  -3  -4  -5  -4  -2  -3  -4  -5  -5    0   0   0   0   0   0   0 100   0   0   0   0   0   0   0   0   0   0   0   0  1.72 0.25
   36 W    -5  -5  -6  -6  -4  -4  -5  -5  -4  -4  -4  -5  -3  -1  -6  -5  -4  12   0  -2    0   0   0   0   0   0   0   0   0   0   0   0   0   0   0   0   0  97   0   3  3.67 0.42
   37 S     1  -2  -1  -2  -2  -1  -2  -2  -2  -4  -4  -2  -3  -4  -2   6   0  -4  -3  -3    8   0   0   0   0   0   0   0   0   0   0   0   0   0   0  92   0   0   0   0  1.04 0.25
   38 Q    -2   0   4  -1  -4   5   1  -1   3  -4  -3   0  -2  -4  -3   1  -1  -3  -1  -2    0   3  26   0   0  43   3   2   7   0   0   3   0   0   0   9   0   0   1   2  0.60 0.16
   39 Y    -3  -3  -3  -2  -4  -3  -3  -4   1  -2  -2  -3  -2   5  -4  -2  -3   0   7  -2    0   0   0   3   0   0   0   0   2   0   0   0   0  32   0   3   0   0  59   0  1.26 0.23
   40 H    -3  -2  -1  -3  -4   0   0  -4   8  -2  -3  -2   0   1  -4  -2  -3  -1   5  -3    0   0   0   0   0   4   5   0  55   1   0   0   3   5   0   0   0   0  25   0  1.14 0.23
   41 D    -2  -2   2   6  -4  -1   0   2   1  -4  -5  -2  -4  -4  -3   0  -2  -5  -3  -4    0   0   9  66   0   0   0  15   4   0   0   0   0   0   0   5   0   0   0   0  0.94 0.18
   42 T    -1  -2   1  -1  -2  -1   0  -3  -2   0   0  -1  -1  -2  -2   0   4  -3  -2   2    2   0  10   2   0   0   6   0   1   3   5   1   0   0   0   2  46   0   0  22  0.33 0.13
   43 G    -1  -2   2   2  -3   0  -1   5  -2  -3  -3  -1  -3  -4  -3   1  -1  -4  -3  -3    2   0   9  16   0   3   0  50   0   2   2   3   0   0   0  12   0   0   0   2  0.57 0.12
   44 F    -2  -2   1  -1  -3  -1  -2  -3   0   0  -1  -2   2   5  -4  -2  -1   3   3  -1    3   0   8   3   0   4   2   0   3   3   2   1   7  44   0   0   2   4  13   2  0.47 0.13
   45 I    -1  -1   1   1  -3  -1   0  -1   0   0  -1   0  -1   1  -3   0   0  -1   4  -1    5   0   9  11   0   1   3   3   2  11   5   9   0   4   0   5   5   0  27   1  0.16 0.08
   46 H    -1  -1   3   0  -3   2  -1   3   2  -3  -3  -1  -2  -2   2   0  -1   0  -2  -3    1   0  21   4   0  15   0  28   6   2   2   2   0   2  10   3   2   2   0   0  0.36 0.10
   47 N    -1  -1   6   1  -3   0  -1   1  -1  -3  -4   0  -2  -3  -3   1   1  -4  -3  -2    3   1  54   7   0   3   1   8   0   0   0   3   1   1   0   7   8   0   0   2  0.58 0.14
   48 D    -1  -2   4   4  -3   0   0   0  -1  -1  -2  -1   0  -3  -3   0   1  -4  -3  -2    2   0  34  29   0   4   0   7   0   4   5   1   3   0   0   3   8   0   0   0  0.44 0.12
   49 G     0  -2   2  -2  -3  -2  -2   5  -2  -3  -3  -1  -3  -3  -2  -1   1  -3   0  -1    4   0  12   0   0   0   1  56   0   0   1   1   0   0   1   1  13   0   5   5  0.61 0.13
   50 P    -1  -2   2   2  -3  -1  -1  -1  -2  -2  -3   0  -3  -4   5   2  -1  -4  -3  -2    1   0  11  14   0   1   1   2   0   3   0   6   0   0  37  23   0   0   0   2  0.71 0.13
   51 T    -1  -2  -1  -1  -2  -1   1  -3  -2   0  -1  -1  -1  -3   0   1   5  -4  -3   0    2   0   0   1   0   1  14   0   0   7   3   3   0   0   4   5  59   0   0   3  0.48 0.16
   52 H    -2   2   1   2  -4   0  -1  -3   7  -3  -3   0  -2  -3  -3   1   0  -4  -1  -3    0  13   6  14   0   1   0   0  42   2   0   4   0   0   0  10   8   0   0   0  0.63 0.16
   53 E    -2   3   1   1  -4   1   2  -2   0  -4  -3   4  -2  -4   0  -1  -1  -4  -3  -3    0  17   8   6   0   0  18   0   1   0   0  42   0   0   4   2   2   0   0   0  0.53 0.13
   54 N    -2  -2   5   5   0  -1   0  -2   0  -4  -4  -1  -3  -4  -3   2  -1  -5  -3  -4    0   0  40  36   3   0   0   0   1   0   0   0   0   0   0  19   1   0   0   0  0.80 0.17
   55 Q     0   0   0   2  -3   5   1  -2   1  -4  -3   1  -2  -4  -2   1   0  -3  -2  -3    5   0   3  11   0  50   5   0   3   0   0   6   0   0   0  13   3   0   0   0  0.60 0.16
   56 L    -2  -3  -4  -4  -2  -3  -1  -4  -4   2   4  -3   1  -1  -1  -3  -2  -3  -2   2    0   0   0   0   0   0   6   0   0   6  66   0   0   1   4   0   0   0   0  18  0.53 0.14
   57 G     0  -4  -2  -3  -4  -3  -3   6  -3  -5  -5  -3  -4  -4  -3  -1  -1  -4  -4  -4    6   0   0   0   0   0   0  90   0   0   0   0   0   0   0   0   5   0   0   0  1.41 0.22
   58 A     4  -3  -3  -3  -2  -2  -2   0  -2  -2   1  -2  -1  -2  -2   0  -1  -2   2  -1   66   0   0   0   0   0   0   5   0   0  15   0   0   0   0   0   2   0  10   1  0.48 0.16
   59 G    -1  -2  -2  -3  -4  -3  -3   7  -3  -5  -5  -3  -4  -5  -4  -2  -3  -4  -4  -5    0   3   0   0   0   0   0  97   0   0   0   0   0   0   0   0   0   0   0   0  1.62 0.25
   60 A     5  -3  -3  -3  -2  -2  -2   0  -3   0  -1  -2  -1  -3  -2   0  -1  -4  -3   1   72   0   0   0   0   0   0   3   0   6   5   0   0   0   0   0   0   0   0  13  0.56 0.17
   61 F    -4  -4  -4  -5  -4  -4  -5  -5  -2  -2   0  -4  -1   8  -5  -4  -3   0   4  -2    0   0   0   0   0   0   0   0   0   0   3   0   0  83   0   0   0   0  14   0  1.52 0.26
   62 G     2  -3  -2  -3  -2  -2  -3   3  -3  -1   1  -2  -1   1  -3  -1  -2  -3  -2   1   23   0   0   0   0   0   0  33   0   0  23   0   0   6   0   0   0   0   0  14  0.32 0.10
   63 G    -1  -4  -2  -3  -4  -3  -4   7  -4  -5  -5  -3  -4  -5  -4  -2  -3  -4  -5  -5    0   0   0   0   0   0   0 100   0   0   0   0   0   0   0   0   0   0   0   0  1.72 0.26
   64 Y    -4  -3  -4  -5  -4  -3  -4  -5   0  -3  -3  -4  -3   1  -5  -3  -3   1   9  -3    0   0   0   0   0   0   0   0   0   0   0   0   0   0   0   0   0   0 100   0  2.13 0.34
   65 Q    -2  -1  -2  -2  -5   8   0  -4  -1  -5  -4   0  -2  -5  -3  -2  -2  -4  -3  -4    0   0   0   0   0 100   0   0   0   0   0   0   0   0   0   0   0   0   0   0  1.72 0.34
   66 V     3  -3  -3  -3  -2  -2  -3  -2  -1   2   1  -2   0   0  -3  -1  -1  -2   1   2   37   0   0   0   0   0   0   0   2  20  10   0   0   3   0   0   1   0   6  21  0.26 0.10
   67 N    -3  -2   7   0  -4  -1  -2  -2  -1  -4  -5  -2  -3  -4  -3  -1   1  -5  -4  -4    0   0  89   0   0   0   0   0   0   0   0   0   0   0   0   0  11   0   0   0  1.44 0.28
   68 P    -2   0  -2   1  -4   4   0  -3  -2  -4  -4   1  -3  -5   6  -2  -2  -4  -3  -4    0   4   0  10   0  33   1   0   0   0   0   7   0   0  45   0   0   0   0   0  1.09 0.19
   69 Y    -3  -3   4  -2  -4  -2  -3  -3   2  -3  -3  -3  -3   1  -4  -2  -2   4   7  -3    0   0  33   0   0   0   0   0   3   0   0   0   0   0   0   0   0   5  59   0  1.19 0.24
   70 V    -2  -3  -4  -5  -2  -3  -4  -5  -4   1   4  -3   2   2  -4  -3  -2  -2  -1   2    0   0   0   0   0   0   0   0   0   0  67   0   4  10   0   0   0   0   0  19  0.64 0.15
   71 G     2  -3  -2  -3  -3  -3  -3   6  -3  -4  -4  -3  -4  -4  -3  -1  -2  -4  -4  -4   18   0   0   0   0   0   0  82   0   0   0   0   0   0   0   0   0   0   0   0  1.28 0.21
   72 F    -2  -4  -4  -5  -3  -4  -4  -4  -3   0   0  -4  -1   7  -4  -3  -3  -1   1   2    3   0   0   0   0   0   0   0   0   4   5   0   0  70   0   0   0   0   0  19  1.01 0.21
   73 E    -2  -2  -2   0  -5   1   7  -4  -2  -5  -4  -1  -4  -5  -3  -2  -2  -4  -4  -4    0   0   0   0   0   0 100   0   0   0   0   0   0   0   0   0   0   0   0   0  1.53 0.29
   74 M     0  -3  -4  -4  -2  -2  -3  -3  -3   1   4  -3   5   1  -3  -2  -2  -2  -2   0   10   0   0   0   0   0   0   1   0   6  53   0  26   4   0   0   0   0   0   0  0.54 0.14
   75 G    -1  -4  -2  -2  -4  -3  -1   7  -3  -5  -5  -3  -4  -5  -3  -1  -3  -4  -4  -5    0   0   0   0   0   0   4  96   0   0   0   0   0   0   0   0   0   0   0   0  1.56 0.23
   76 Y    -3  -3  -4  -5  -4  -3  -4  -5   0  -3  -3  -3  -3   2  -5  -1  -3   1   9  -3    0   0   0   0   0   0   0   0   0   0   0   0   0   0   0   4   0   0  96   0  1.90 0.31
   77 D    -3  -3   0   7  -5  -1   1  -3  -2  -5  -5  -2  -5  -5  -3  -2  -2  -6  -5  -5    0   0   0  95   0   0   5   0   0   0   0   0   0   0   0   0   0   0   0   0  1.62 0.26
   78 W    -4  -4  -5  -6  -4  -4  -4  -4  -3  -4  -3  -5  -3   1  -5  -4  -4  12   4  -4    0   0   0   0   0   0   0   0   0   0   0   0   0   4   0   0   0  78  18   0  2.87 0.34
   79 L    -3  -3  -4  -5  -2  -3  -4  -5  -3   0   5  -4   2   3  -4  -3  -2  -2   1   0    0   0   0   0   0   0   0   0   0   0  75   0   3  18   0   0   0   0   4   0  0.74 0.16
   80 G    -1  -4  -1  -3  -4  -3  -3   7  -3  -5  -5  -3  -4  -5  -3  -2  -3  -4  -4  -5    0   0   2   0   0   0   0  98   0   0   0   0   0   0   0   0   0   0   0   0  1.62 0.24
   81 R    -2   6   1  -2  -4   1   0  -3  -1  -4  -3   3  -2  -4  -3  -2  -2  -4  -3  -4    0  64   6   0   0   4   1   0   0   0   0  24   0   0   0   0   0   0   0   0  0.96 0.19
   82 M    -1  -3  -3  -4  -3  -2  -3  -4  -2   0   1  -3   7   0  -4  -1  -1  -2   4  -1    2   0   0   0   0   0   1   0   0   3   9   0  59   0   0   3   4   0  20   0  0.80 0.21
   83 P     0   1  -1  -1  -3   0   0  -2   0  -3  -3   3   0  -4   5  -1   0  -4  -3  -2   11   4   1   1   0   3   2   1   3   0   0  36   4   0  29   1   7   0   0   0  0.57 0.12
   84 Y    -1  -3   0  -3  -3  -2  -3  -3   3  -2  -2  -3  -1   1  -4  -1  -2   0   8  -1    3   0   6   0   0   0   0   1   7   0   0   0   1   1   0   3   2   0  70   4  1.06 0.21
   85 K    -1   1   1   0  -3   1   0  -2  -2  -3  -3   5  -2  -4  -2   1   1  -4  -3  -2    3   2   4   5   0   3   0   0   0   0   0  56   0   0   0  11  13   0   0   1  0.49 0.13
   86 G     0  -3  -1  -2  -3  -2  -3   6  -3  -4  -3  -2  -3  -4  -3  -1  -2  -3  -4  -3    6   0   0   0   0   2   0  83   0   0   3   0   0   0   0   3   0   0   0   0  1.16 0.18
   87 D     0  -2   1   4  -2  -1   0  -1   0  -2  -2  -1  -2  -3  -2   2   1  -3  -2  -1    6   0   6  35   0   1   2   1   3   2   2   0   0   0   0  25  11   0   1   3  0.37 0.09
   88 N     0   0   1   0  -2   0  -1   0  -2   0  -1  -1  -1  -2  -1   0   2  -2  -1   1    2   8   7   5   0   3   2   9   0   6   4   1   0   0   2   7  21   0   2  19  0.07 0.04
   89 I    -1  -1   3   1  -2  -1   0   0  -1   0  -1   0  -1  -1  -2  -1   0  -3   0   1    5   0  28  10   0   0   3   5   0   5   5   6   0   2   0   1   3   0   4  22  0.14 0.07
   90 N    -2   1   6   1  -4   0   0  -1   1  -4  -4  -1  -3  -4  -3   0   0  -4  -3  -4    2   7  65   6   0   3   3   1   2   0   0   0   0   0   0   6   4   0   0   0  0.80 0.17
   91 G     1  -3  -1   1  -3  -3  -2   6  -3  -4  -4  -2  -3  -2  -3  -1  -1  -4  -4  -4    9   0   0  11   0   0   0  75   0   0   0   0   0   2   0   0   3   0   0   0  1.02 0.17
   92 A     4   1  -1   1  -2  -1   2  -1  -2  -3  -3   0  -2  -3  -2   1  -1  -4  -3  -2   54   9   1   7   0   0  14   0   0   0   0   3   0   0   0  11   0   0   0   0  0.40 0.13
   93 Y     0  -3  -3  -4  -3  -3  -3  -3   3   0   0  -3  -1   6  -4  -2  -2  -1   3   1    9   0   0   0   0   0   0   0  10   5   7   0   0  51   0   0   0   0   8   9  0.60 0.14
   94 K    -2   2  -1  -2  -4   0   0  -3  -1  -4  -3   6  -2  -4  -2   0   1  -4  -3  -3    0   5   0   0   0   1   4   0   0   0   0  72   0   0   0   6  11   0   0   0  0.76 0.18
   95 A     5  -2  -2  -3  -2  -2  -2  -1  -3  -2  -2  -2  -2  -3  -2   2   0  -4  -3  -1   76   0   0   0   0   0   0   1   0   0   4   0   0   0   0  16   3   0   0   0  0.67 0.18
   96 Q    -2  -1  -1  -2  -4   7   0  -3   5  -4  -3   0   1  -3  -3  -2  -2  -3   1  -3    0   0   0   0   0  74   0   0  17   0   0   0   5   0   0   0   0   0   4   0  1.14 0.25
   97 G    -1  -3  -2  -3  -3  -3  -3   6  -3  -3   0  -3   2  -3  -3  -2  -3  -3  -4  -3    0   0   0   0   0   0   0  77   0   0  13   0   9   0   0   0   0   0   0   0  1.03 0.19
   98 V     1  -3  -3  -4  -2  -3  -3  -3  -4   3   1  -3   0   0  -3  -2   0  -3  -2   4   12   0   0   0   0   0   0   0   0  24   7   0   0   2   0   0   5   0   0  49  0.43 0.12
   99 Q    -2   0   0  -2  -4   7   0  -3  -1  -4  -4   0  -2  -5  -3   0   0  -4  -3  -3    0   0   4   0   0  85   0   0   0   0   0   0   0   0   0   6   5   0   0   0  1.22 0.26
  100 L     0  -3  -4  -4  -2  -3  -4  -4  -4   1   5  -3   1  -1  -4  -3  -2  -3  -2   0    8   0   0   0   0   0   0   0   0   4  86   0   1   0   0   0   1   0   0   0  0.73 0.17
  101 T     3  -2  -1  -2  -2  -2  -2   0  -3  -2  -2  -2  -2  -3  -2   2   5  -4  -3  -1   34   0   0   0   0   0   0   4   0   0   0   0   0   0   0  11  51   0   0   0  0.57 0.16
  102 A     3  -2  -2  -3  -2  -2  -2   0  -3  -1   1  -2   3  -2  -2   0   2  -3  -2  -1   48   0   0   0   0   0   0   4   0   0  16   0  15   0   0   0  18   0   0   0  0.34 0.13
  103 K    -2   1  -1  -2  -5   0   0  -3  -2  -4  -4   7  -3  -5  -2  -1  -2  -4  -3  -4    0   2   0   0   0   0   0   0   0   0   0  98   0   0   0   0   0   0   0   0  1.26 0.25
  104 L    -1  -3  -4  -4  -2  -3  -4  -3  -4   2   5  -3   1   0  -4  -3  -2  -3  -2   0    6   0   0   0   0   0   0   2   0  12  78   0   0   2   0   0   0   0   0   0  0.64 0.15
  105 G     0  -2   1  -1  -2  -2  -2   4  -2  -3  -4  -2  -3  -4  -2   5   0  -4  -3  -3    0   0   4   0   0   0   0  31   0   1   0   0   0   0   0  64   0   0   0   0  0.73 0.18
  106 Y    -3  -1  -4  -5  -4  -3  -3  -4   0  -1  -1  -3  -1   4  -4  -3  -3   1   8  -2    0   3   0   0   0   0   0   0   0   3   2   0   1  16   0   0   0   0  75   0  1.37 0.24
  107 P    -2  -1  -3  -3  -4  -3  -3  -4  -4  -4  -4  -2  -4  -5   8  -2  -3  -5  -4  -4    0   3   0   0   0   0   0   0   0   0   0   0   0   0  97   0   0   0   0   0  2.49 0.29
  108 I     0  -4  -4  -4  -2  -3  -4  -4  -4   4   1  -3   0  -1  -3  -3  -1  -4  -2   4    6   0   0   0   0   0   0   0   0  40   9   0   0   0   0   0   0   0   0  45  0.58 0.14
  109 T     2  -2   0  -2  -2  -1  -2  -2  -2   0   1  -2   4  -2  -2   1   3  -3  -2   0   20   0   6   0   0   0   0   0   0   4  12   0  19   0   0   8  29   0   1   2  0.25 0.10
  110 D    -2  -2   2   6  -4   0   2  -2  -2  -4  -4  -1  -4  -4   1   0  -1  -5  -4  -4    0   0   9  65   0   4  13   0   0   0   0   0   0   0   6   4   1   0   0   0  0.94 0.17
  111 D     0  -2   3   5  -3  -1   0  -1   1  -3  -4  -1  -3  -4  -2   0  -1  -5  -3  -2    9   0  18  54   0   0   2   4   3   0   0   0   0   0   0   6   1   0   0   3  0.70 0.14
  112 L    -2  -3  -4  -5  -2  -3  -4  -5  -4   1   5  -4   2  -1  -4  -3  -2   2  -2   0    3   0   0   0   0   0   0   0   0   0  90   0   3   0   0   0   0   3   0   1  0.85 0.18
  113 D    -3  -3   0   8  -5  -2   0  -3  -3  -5  -5  -2  -5  -5  -3  -2  -2  -6  -5  -5    0   0   0 100   0   0   0   0   0   0   0   0   0   0   0   0   0   0   0   0  1.73 0.27
  114 V    -2  -4  -4  -4  -2  -3  -4  -4  -4   4   2  -3   1  -1  -4  -3  -1  -3  -2   4    0   0   0   0   0   0   0   0   0  35  22   0   0   0   0   0   0   0   0  43  0.60 0.14
  115 Y    -3  -3  -4  -5  -4  -3  -4  -5   0  -3  -3  -3  -3   2  -5  -3  -3   1   9  -3    0   0   0   0   0   0   0   0   0   0   0   0   0   0   0   0   0   0 100   0  2.04 0.32
  116 T     0  -3  -1  -2  -2  -2  -2   3  -3  -2  -3  -2  -2  -4  -2   0   5  -4  -3  -2    6   0   0   0   0   0   0  25   0   0   0   0   0   0   0   1  69   0   0   0  0.77 0.19
  117 R    -3   7  -2  -3  -5   0  -1  -4  -2  -5  -4   1  -3  -4  -4  -2  -3  -4  -3  -4    0 100   0   0   0   0   0   0   0   0   0   0   0   0   0   0   0   0   0   0  1.61 0.27
  118 L    -2  -3  -4  -5  -2  -3  -4  -5  -4   1   5  -3   1   1  -4  -3  -2  -3  -2   1    2   0   0   0   0   0   0   0   0   3  83   0   0   4   0   0   0   0   0   9  0.75 0.16
  119 G    -1  -4  -2  -3  -4  -3  -3   7  -3  -5  -5  -3  -4  -5  -3  -2  -3  -4  -4  -5    0   0   0   0   0   0   0 100   0   0   0   0   0   0   0   0   0   0   0   0  1.67 0.24
  120 G     1  -3  -2  -3  -3  -3  -3   6  -3  -2  -4  -3  -3  -2  -3  -1  -2  -3  -3  -3   13   0   0   0   0   0   0  82   0   3   0   0   0   3   0   0   0   0   0   0  1.16 0.19
  121 M     2  -3  -3  -4  -2  -2  -3   1  -3   0   0  -3   8  -1  -3  -2  -2  -3  -2   0   18   0   0   0   0   0   0  11   0   1   2   0  62   2   0   0   0   0   0   4  0.73 0.21
  122 V    -1  -3  -4  -4  -2  -3  -3  -1  -2   1   1  -3   0   0  -4  -3  -1  -2   4   4    0   0   0   0   0   0   0   6   0   2  14   0   0   1   0   0   0   0  21  56  0.48 0.14
  123 W     0  -4  -4  -5  -3  -3  -4   0  -3   0  -3  -4  -2  -1  -4  -3  -3  11   2  -1   11   0   0   0   0   0   0   8   0   8   0   0   0   0   0   0   0  64   6   3  1.90 0.26
  124 R    -3   6  -2  -3  -4  -1  -2  -4   1  -4  -3   1  -3  -2  -4  -2  -1   7  -1  -4    0  68   0   0   0   0   0   0   4   0   0   4   0   1   0   0   3  20   0   0  1.17 0.22
  125 A     4  -2  -2  -2  -2   0  -2  -1  -2  -2  -2  -1  -2  -3  -2   1   2  -4  -3  -1   65   0   0   0   0   4   0   1   0   0   0   0   0   0   0   9  19   0   0   2  0.56 0.16
  126 D    -3  -2   1   7  -5  -1   1  -3   1  -4  -5   0  -4  -5  -3   0  -2  -5  -4  -4    0   0   2  84   0   0   4   0   4   0   0   4   0   0   0   4   0   0   0   0  1.28 0.22
  127 T     1  -2   0  -2  -2  -1  -1  -1  -2  -2  -2  -1   0  -2  -2   4   2  -3   1  -1    9   0   2   0   0   0   0   1   0   1   0   0   4   0   0  59  13   0   8   3  0.46 0.15
  128 K    -1   1   0   1  -3   0   1  -2   1  -3  -3   4  -1  -3  -2   1   1  -4  -2  -2    1   3   1   8   0   0   5   0   4   0   0  46   3   0   0  15  13   0   0   0  0.39 0.11
  129 S     2  -1   0   0  -2   2   0   2  -1  -1  -1  -1  -1  -2  -2   1   0  -2   0   0   28   0   6   3   0  14   2  18   0   5   3   0   0   0   0   7   2   0   5   6  0.15 0.06
  130 N     0  -1   4   0  -2   0  -1   0   3  -3  -3  -1  -2   0  -2   1   1  -3   0  -2    6   1  37   4   0   3   1   3  12   1   1   1   0   5   1  12  12   0   2   1  0.35 0.09
  131 V     0  -1   0  -2  -2   1  -1  -2   1   1   0  -1   0   1  -1   0   0  -1   3   1    6   3   4   1   0   8   2   2   4   8   8   1   0   7   2   7   4   0  16  17  0.07 0.03
  132 P     1  -1   1   2  -2   0   0   1  -1  -2  -2  -1  -2  -2   3   1   0   0  -1  -1   14   3  10  16   0   2   6   9   0   1   2   1   0   1  14   9   3   2   2   4  0.21 0.04
  133 G     1  -1   3   0  -2  -1   0   3  -1  -2  -2  -1  -2  -2   0   0   1  -2  -1  -2   13   1  23   3   0   1   5  27   0   1   2   1   0   1   4   3  11   0   3   1  0.28 0.06
  134 G     1   0   2  -1  -2   0   0   3  -1  -2  -2   0   0  -2  -1   0   0  -2  -1  -1   11   4  12   2   0   5   6  31   1   1   3   4   3   1   1   4   8   0   1   2  0.21 0.04
  135 P     0   0   1   1  -2   0   1   0   0  -2  -2   1  -1  -2   2   0   1  -2  -2  -1    9   5   5  12   0   2  10   7   3   1   2  12   0   1   9   5  10   0   1   5  0.15 0.02
  136 S     0   3  -1   0  -2   0  -1   0   1  -1  -1   1  -1   1  -1   1   0  -1   1  -1    5  26   1   5   0   2   1   6   3   2   3   5   1   7   1  15   5   0   6   4  0.12 0.04
  137 T    -1  -1  -1   0  -2  -1   0  -2   0   1   1  -1   0   2  -2  -1   0   0   1   1    4   3   2   9   0   1   5   1   2  12  19   3   0  14   1   2   6   1   6   8  0.05 0.02
  138 K    -1   1   1   0  -2   0   0  -2   0  -2  -1   3  -2  -3  -2   3   1  -3  -2  -2    0   7   7   5   0   0   1   0   3   0   7  27   0   0   0  35   6   0   0   0  0.28 0.09
  139 D    -2  -1   3   4  -4   0   2   1  -1  -4  -4  -1  -3  -3  -2   0  -1  -4   0  -3    1   2  22  38   0   0  17   9   0   0   0   1   0   0   0   6   0   0   5   0  0.56 0.12
  140 H    -2   0   4   0  -4  -1  -1   0   7  -4  -3   0  -3  -2  -3  -1  -1  -3   1  -4    0   3  24   4   0   0   0   7  49   0   1   5   0   0   0   2   2   0   3   0  0.79 0.17
  141 D    -3  -2   1   7  -5  -1   1  -2  -2  -4  -5   1  -4  -4  -3  -1  -2  -5  -3  -4    0   0   5  81   0   0   3   0   0   0   0  10   0   0   0   1   0   0   1   0  1.22 0.21
  142 T    -1  -2   1  -1  -2  -1  -2  -2   2  -1   0  -1  -1  -3  -2   1   5  -4  -2  -1    0   0   6   3   0   0   0   2   8   3   8   3   0   0   0   5  62   0   0   0  0.50 0.16
  143 G    -1   0  -1  -2  -4  -2  -3   6  -3  -5  -5   0  -4  -4  -3  -1  -3  -4  -4  -4    0   6   0   1   0   0   0  84   0   0   0   8   0   0   0   0   0   0   0   0  1.22 0.19
  144 V     1  -3  -4  -4  -2  -3  -3  -2  -4   2   0  -3   0   1  -3  -2  -1  -3  -2   5   12   0   0   0   0   0   0   3   0   9   0   0   0   7   0   0   0   0   0  70  0.55 0.16
  145 S     2  -1   0  -2  -2  -1  -1  -1  -2  -1  -3  -1  -2  -3  -2   5   1  -4  -3   0   19   2   2   0   0   0   0   0   0   4   0   0   0   0   0  67   2   0   0   5  0.56 0.17
  146 P    -2  -4  -3  -3  -4  -3  -3  -3  -3  -3  -3  -3  -2   3   8  -2  -3  -3  -2  -2    0   0   0   0   0   0   0   2   0   0   0   0   1  18  77   0   0   0   0   2  1.80 0.24
  147 V    -2  -3  -4  -4  -2  -3  -4  -4  -4   1   3  -3   1   0  -4  -3  -1  -3  -2   4    0   0   0   0   0   0   0   0   0   0  41   0   0   4   0   0   0   0   0  55  0.61 0.15
  148 F     3  -3  -2  -3  -2  -2  -3   2  -2  -2  -2  -2  -2   4  -3  -1  -1  -2   1  -1   41   0   0   0   0   0   0  21   0   0   0   0   0  28   0   0   4   0   4   3  0.41 0.13
  149 A     6  -3  -3  -3  -2  -2  -2  -1  -3  -2  -3  -2  -2  -3  -2   0  -1  -4  -3   0   96   0   0   0   0   0   0   0   0   0   0   0   0   0   0   0   0   0   0   4  0.97 0.23
  150 G     0  -3  -3  -3  -2  -3  -3   2  -3   2   2  -3   0  -1  -3  -2  -1  -3  -2   2    7   0   0   0   0   0   0  20   0  16  33   0   0   0   0   0   0   0   0  25  0.30 0.09
  151 G    -1  -4  -2  -3  -4  -3  -3   7  -3  -5  -5  -3  -4  -5  -3  -2  -3  -4  -4  -5    0   0   0   0   0   0   0 100   0   0   0   0   0   0   0   0   0   0   0   0  1.67 0.24
  152 I     2  -3  -3  -4  -2  -3  -3  -3  -3   2   1  -3   0   0  -3  -2   0  -3  -2   4   22   0   0   0   0   0   0   0   0   4  14   0   0   3   0   0   3   0   0  55  0.41 0.13
  153 E    -2  -1  -2   0  -5   1   7  -4  -1  -5  -4  -1  -3  -5  -3  -1  -2  -4  -4  -4    0   0   0   0   0   0 100   0   0   0   0   0   0   0   0   0   0   0   0   0  1.46 0.27
  154 Y    -3  -3  -4  -5  -4  -3  -4  -5   0  -3  -3  -3  -3   2  -5  -3  -3   6   9  -3    0   0   0   0   0   0   0   0   0   0   0   0   0   0   0   0   0   9  91   0  1.90 0.30
  155 A     6  -3  -3  -3  -2  -2  -2  -1  -3  -3  -3  -2  -2  -4  -2   0  -1  -4  -3  -1   98   0   0   0   0   0   0   0   0   0   0   0   0   0   0   0   2   0   0   0  1.01 0.23
  156 I    -2  -3  -4  -4  -2  -3  -4  -4  -3   4   2  -3   2   3  -4  -3  -2   3   0   2    0   0   0   0   0   0   0   0   0  46  21   0   4  16   0   0   0   4   0   8  0.52 0.12
  157 T    -1  -2   3   2  -2  -2  -1  -2  -2  -2  -1  -2  -2  -3  -2   0   5  -4  -3  -2    0   0  19  12   0   0   0   0   0   0   8   0   0   0   0   1  60   0   0   0  0.60 0.17
  158 P    -2   3  -1   0  -4   1   0  -3  -2  -3  -2   3  -2  -4   4  -1  -2  -4  -3  -3    0  23   0   4   0   6   4   0   0   0   6  32   0   0  25   0   0   0   0   0  0.62 0.13
  159 E    -2  -2   5   4  -4   0   2  -2   1  -4  -4  -1  -3  -4  -3   0  -1  -5  -3  -4    0   0  42  34   0   1  18   0   3   0   0   0   0   0   0   2   0   0   0   0  0.83 0.16
  160 I    -3  -4  -5  -5  -3  -4  -4  -4  -4   2   1  -4  -1   0  -5  -4  -3  11   0  -1    0   0   0   0   0   0   0   0   0  20  17   0   0   3   0   0   0  60   0   1  1.83 0.25
  161 A     6  -3  -3  -3  -2  -2  -2  -1  -3  -2  -3  -2  -2  -3  -2   0  -1  -4  -3  -1   94   0   0   0   0   0   0   0   0   0   0   0   0   0   0   3   0   0   0   3  0.93 0.22
  162 T     2  -2  -1  -2  -2  -2  -2   0  -3  -2  -1  -2  -2  -3  -2   0   5  -4  -3  -1   26   0   0   0   0   0   0   4   0   0   5   0   0   0   0   0  66   0   0   0  0.65 0.18
  163 R    -3   7  -2  -3  -5   0  -1  -4  -2  -5  -4   1  -3  -4  -4  -2  -3  -4  -3  -4    0 100   0   0   0   0   0   0   0   0   0   0   0   0   0   0   0   0   0   0  1.61 0.27
  164 L    -1  -3  -4  -5  -2  -3  -4  -4  -4   1   5  -3   2   1  -4  -3  -2  -2  -1   0    5   0   0   0   0   0   0   0   0   2  79   0   4   7   0   0   0   0   0   3  0.68 0.15
  165 E    -2  -2  -1   5  -5   0   5  -3  -2  -4  -4  -1  -4  -5  -2  -1  -2  -5  -4  -4    0   0   0  44   0   0  56   0   0   0   0   0   0   0   0   0   0   0   0   0  1.11 0.20
  166 Y    -3  -3  -4  -5  -4  -3  -4  -5   0  -3  -3  -3  -3   2  -5  -3  -3   1   9  -3    0   0   0   0   0   0   0   0   0   0   0   0   0   0   0   0   0   0 100   0  2.04 0.32
  167 Q    -2   0  -2  -2  -5   8   0  -3  -1  -4  -4   0  -2  -5  -3  -2  -2  -4  -3  -4    0   0   0   0   0 100   0   0   0   0   0   0   0   0   0   0   0   0   0   0  1.65 0.31
  168 W    -4  -4  -5  -6  -4  -3  -4  -4  -2  -4  -3  -4  -3   3  -5  -4  -4  11   5  -4    0   0   0   0   0   0   0   0   0   0   0   0   0  10   0   0   0  66  24   0  2.46 0.30
  169 T    -1  -3  -2  -3  -2  -2  -3  -3  -3   2  -1  -2  -1  -2  -3   0   3  -4  -2   4    0   0   0   0   0   0   0   0   0  10   0   0   0   0   0   6  31   0   0  52  0.50 0.15
  170 N     0   1   5   0  -3  -1  -1  -1  -1  -3  -3  -1  -3  -4  -2   2   2  -4  -3  -3    4   7  48   0   0   0   0   3   0   0   0   0   0   0   0  18  20   0   0   0  0.60 0.15
  171 N    -2   1   6   0  -4  -1  -1  -2   0  -4  -4   2  -3  -4   4  -1  -1  -5  -3  -4    0   5  59   0   0   0   0   0   1   0   0  14   0   0  21   0   0   0   0   0  0.91 0.19
  172 I    -2  -4  -4  -4  -2  -3  -4  -5  -3   5   2  -3   2  -1  -4  -3  -2  -3   1   2    0   0   0   0   0   0   0   0   0  63  13   0   7   0   0   0   0   0   8   9  0.62 0.15
  173 G    -1  -4   0  -2  -4  -3  -3   7  -3  -5  -5  -3  -4  -4  -3  -1  -3  -4  -4  -5    0   0   4   0   0   0   0  96   0   0   0   0   0   0   0   0   0   0   0   0  1.56 0.23
  174 D    -2  -2   3   6  -4  -1   0  -2  -1  -4  -5   1  -4  -4  -3   0  -1  -5  -4  -4    0   0  13  70   0   0   0   0   1   0   0   9   0   0   0   6   1   0   0   0  1.03 0.19
  175 A     3   1  -1  -1  -2  -1   0  -1  -1  -1  -2   1  -1  -1  -2   0   1  -3  -2  -1   48   9   2   1   0   0   7   2   0   1   0   9   1   4   0   2   8   0   0   4  0.23 0.09
  176 N     0   0   2   3  -3   0   1   2   0  -3  -4  -1  -3  -3  -2   1  -1  -3  -1  -3    7   6  15  26   0   3   5  22   1   0   0   1   0   0   0  10   2   0   3   0  0.36 0.08
  177 T    -1   0   1   2  -2   0   0  -2  -1  -1  -2  -1  -2  -3  -2   1   4  -4  -3  -1    0   6   5  15   0   3   5   0   1   4   0   1   0   0   0   9  51   0   0   0  0.43 0.13
  178 I    -1  -3  -3  -3  -2  -2  -3  -3  -3   3   1  -3   0  -1  -3   0   2  -3  -1   4    0   0   0   0   0   0   0   0   0  25   7   0   0   0   0   9  18   0   1  40  0.37 0.11
  179 G    -1  -2  -1  -1  -4  -3  -3   6  -3  -5  -4  -2  -4  -4  -3   0  -2  -4  -4  -4    1   2   2   3   0   0   0  84   0   0   1   0   0   0   0   8   0   0   0   0  1.22 0.19
  180 T     2  -2  -2  -3  -2  -2  -2  -1  -2   1   0  -2   1  -1  -2   0   2  -2   1   1   33   0   0   0   0   0   0   3   0   8   8   0   5   0   0   0  23   0   8  11  0.21 0.09
  181 R    -1   6  -1   0  -4   0   1  -2  -1  -4  -3   1  -3  -4  -3   1  -2  -4  -3  -3    4  66   0   4   0   0  11   1   0   0   0   3   0   0   0  12   0   0   0   0  0.78 0.17
  182 P    -1  -3  -3  -3  -3  -2  -2  -3  -3  -2   0  -2   4  -3   7  -2  -2  -4  -4  -2    4   0   0   0   0   1   0   0   0   0   9   0  15   0  69   1   0   0   0   0  1.51 0.21
  183 D    -3  -3   1   7  -5  -2   0  -3  -2  -5  -5  -2  -4  -5  -3   0  -2  -6  -4  -5    0   0   4  93   0   0   0   0   0   0   0   0   0   0   0   4   0   0   0   0  1.52 0.25
  184 N    -3  -2   7   0  -4  -1  -2  -2  -1   0  -4  -2  -3  -4  -4  -1  -1  -5  -3  -3    0   0  92   0   0   0   0   0   0   8   0   0   0   0   0   0   0   0   0   0  1.37 0.26
  185 G     0  -3  -1  -2  -3  -3  -3   6  -3  -4  -4  -2  -1  -4  -3   0   1  -4  -4  -3    4   0   0   0   0   0   0  78   0   0   1   0   2   0   0   5  11   0   0   0  1.07 0.18
  186 L    -2  -3  -1  -4  -2  -2  -3  -4  -3   0   4  -3   6  -1  -4   0  -1  -3  -2   0    0   0   3   0   0   1   0   0   0   0  44   0  43   0   0   8   1   0   0   0  0.64 0.18
  187 L    -2  -3  -4  -5  -2  -3  -4  -5  -4   1   5  -3   1   1  -4  -3  -2  -3  -2   1    0   0   0   0   0   0   0   0   0   4  83   0   1   4   0   0   0   0   0   8  0.76 0.16
  188 S     1  -2  -1  -2  -2  -1  -1  -1  -2  -4  -4  -1  -3  -4  -2   6   1  -4  -3  -3   10   0   0   0   0   0   0   0   0   0   0   0   0   0   0  89   2   0   0   0  0.94 0.23
  189 V    -1  -3  -4  -4  -2  -3  -4  -4  -4   2   3  -3   1   1  -3  -3  -1  -3  -1   4    1   0   0   0   0   0   0   0   0   7  36   0   0   6   0   0   0   0   0  50  0.52 0.13
  190 G     1  -3  -2  -3  -3  -3  -3   6  -3  -5  -5  -3  -4  -4  -3  -1  -3  -4  -4  -4   11   0   0   0   0   0   0  89   0   0   0   0   0   0   0   0   0   0   0   0  1.38 0.21
  191 V     0  -3  -4  -4  -2  -3  -3  -4  -4   2   2  -3   3  -1  -3  -2  -1  -3  -2   5    6   0   0   0   0   0   0   0   0   4  15   0  12   0   0   0   0   0   0  63  0.56 0.15
  192 S     2  -2  -1  -2  -2  -1  -2  -2  -2  -1   0  -2  -1  -3  -2   4   0  -4  -3   1   15   0   0   0   0   0   0   0   0   2   8   0   0   0   0  62   1   0   0  12  0.45 0.15
  193 Y    -3  -3  -4  -5  -4  -3  -4  -5   0  -3  -3  -3  -3   2  -5  -3  -3   1   9  -3    0   0   0   0   0   0   0   0   0   0   0   0   0   0   0   0   0   0 100   0  2.04 0.32
  194 R    -3   7  -2  -3  -5   0  -1  -4   2  -5  -4   1  -3  -4  -4  -2  -3  -4  -3  -4    0  94   0   0   0   0   0   0   6   0   0   0   0   0   0   0   0   0   0   0  1.45 0.26
  195 F    -4  -4  -5  -5  -4  -5  -5  -5  -3  -2  -1  -5  -1   8  -5  -4  -4   0   2  -2    0   0   0   0   0   0   0   0   0   0   0   0   0 100   0   0   0   0   0   0  1.79 0.28
  196 G    -1  -3   1  -2  -3  -3  -3   6  -3  -4  -4  -2  -3  -2  -3   0  -2  -3  -3  -4    0   0   8   0   0   0   0  83   0   0   0   0   0   3   0   4   0   0   0   0  1.18 0.18
  197 Q    -2   0  -1  -2  -4   8   1  -3  -1  -4  -4   0  -2  -5  -3  -2  -2  -3  -3  -4    0   0   0   0   0  97   0   0   0   0   0   0   0   0   0   0   0   0   0   0  1.55 0.29
  198 Q    -1  -1   1   4  -3   2   2   0  -1  -1  -2   0  -2  -3  -2  -1   0  -3  -2   0    3   1   4  30   0  15  13   6   1   2   1   4   0   0   1   1   3   0   1  13  0.27 0.07
  199 E     2  -1   0   2  -3   1   4  -1  -1  -2  -3   0  -2  -3   0   0   0  -3  -2  -1   23   0   4  14   0   4  38   2   0   0   1   1   0   0   3   1   4   0   0   4  0.36 0.09
  200 A     3  -2  -2  -1  -2  -1   0  -2  -2  -1  -2  -1  -2  -3   5   0   0  -3  -3   1   32   0   1   3   0   0   5   1   0   0   1   0   0   0  34   1   4   0   0  15  0.58 0.11
  201 A     4  -2  -2  -2  -1  -2  -1  -1  -2   1  -1  -2  -1  -2   0   0   0  -3  -1   2   55   0   0   0   0   0   3   1   0   7   4   0   0   0   4   1   4   0   2  16  0.30 0.10
  202 P     2  -1  -1  -2  -2  -1  -1  -2  -2  -1  -2  -1  -1  -3   6  -1  -1  -3  -3   1   24   3   4   0   0   0   4   1   0   0   2   0   2   0  41   1   2   0   0  13  0.67 0.11
  203 V     1  -3  -3  -2  -2  -2  -2  -2  -3   1  -1  -2  -1  -2   5  -1  -1  -3  -2   3   17   1   0   1   0   0   1   1   0   6   1   1   0   0  38   1   1   0   0  31  0.66 0.12
  204 V     1  -2  -3  -3  -1  -2  -2  -2  -3   2   0  -2   0  -2   3  -1   0  -3  -2   3   18   1   0   1   0   0   1   1   0   8   5   1   0   0  15   1   4   0   0  44  0.33 0.09
  205 A     3  -2  -2  -2  -2  -2  -1   0  -3   0  -2  -2  -1  -3   4   0  -1  -4  -3   2   41   0   0   0   0   0   3   5   0   5   0   0   0   0  22   4   1   0   0  19  0.43 0.11
  206 P     3  -2  -2  -2  -2  -2  -1  -2  -3  -1  -2  -2  -1  -3   6   0  -1  -3  -3   0   34   0   0   0   0   0   4   0   0   2   1   0   1   0  40   4   2   0   0  10  0.74 0.13
  207 A     3  -2  -2  -2  -2  -2  -1  -2  -3  -1  -2  -2  -2  -3   6   0   0  -3  -3  -1   40   0   0   0   0   0   4   1   0   3   1   0   0   0  40   0   4   0   0   5  0.78 0.13
  208 P     2  -2  -2  -2  -3   0  -1  -2  -3  -2  -2  -2   0  -3   6  -1   1  -4  -3  -1   24   0   0   0   0   4   1   0   0   0   0   0   4   0  51   0   9   0   0   5  0.97 0.15
  209 A     4  -2  -2  -2  -2  -2  -2  -2  -3  -2  -2  -2  -1  -3   5   0   1  -4  -3   0   48   0   0   0   0   0   0   0   0   0   0   0   1   0  31   3   9   0   0   7  0.68 0.14
  210 P     2  -2  -3  -2  -3  -2  -1  -2  -3  -3  -3  -1  -3  -4   7   0  -1  -4  -3  -1   26   0   0   0   0   0   4   0   0   0   0   4   0   0  57   3   0   0   0   4  1.15 0.17
  211 A     4  -2  -2  -2  -2  -1   1  -2  -2  -2  -2  -1  -2  -3   4   0   0  -4  -3   0   49   0   0   0   0   0  15   0   0   0   1   0   0   0  24   0   3   0   0   7  0.55 0.13
  212 P     1  -3  -1  -2  -3  -2   0  -2  -3  -2  -3  -2  -2  -4   7  -1  -2  -4  -3   0   19   0   4   0   0   0   7   0   0   0   0   0   0   0  58   0   0   0   0   9  1.13 0.16
  213 E    -1  -2  -2  -1  -3   1   3  -3  -2   1  -1  -1  -1  -3   3  -1   0  -4  -2   3    3   0   0   0   0   5  29   0   0   6   0   0   0   0  18   0   4   0   0  35  0.38 0.11
  214 V    -1  -3  -3  -1  -2  -2  -2  -4  -3   2   0  -3   2  -2   0  -2   0  -3  -2   5    1   0   0   4   0   0   2   0   0   4   2   0   9   0   4   0   5   0   0  67  0.46 0.14
  215 Q    -1  -1  -1   0  -3   3   3  -3  -1   0  -2   0  -1  -3  -2  -1  -1  -3  -2   2    3   0   0   3   0  23  31   0   0   6   0   3   0   0   1   2   1   0   0  26  0.34 0.11
  216 T     0  -1   2   0  -2  -1   1  -2  -2  -2  -3  -1  -2  -3   1   1   4  -4  -3  -1    4   3  16   4   0   0  10   0   0   0   0   0   0   0   5   3  52   0   0   2  0.45 0.13
  217 K    -2   1  -1  -2  -4   2   0  -3  -1  -4  -4   6  -2  -4  -2  -1  -2  -4  -3  -3    0   0   0   0   0   6   3   0   1   0   0  87   0   0   0   0   0   0   0   0  1.03 0.22
  218 H    -2   4   0  -2  -4   2   0  -3   6  -4  -3   1  -2  -3   0   0   1  -3  -1  -3    0  30   1   0   0  14   1   0  28   0   0   8   0   0   4   4  11   0   0   0  0.56 0.13
  219 F    -4  -4  -5  -5  -4  -5  -5  -5  -3  -2  -1  -5  -1   8  -5  -4  -4   0   2  -2    0   0   0   0   0   0   0   0   0   0   0   0   0 100   0   0   0   0   0   0  1.79 0.28
  220 T     0  -2   0  -2  -2  -2  -1  -2  -3  -2  -3  -2  -2  -3  -2   2   6  -4  -3  -1    4   0   2   0   0   0   4   0   0   0   0   0   0   0   0  12  79   0   0   0  0.86 0.21
  221 L    -3  -3  -5  -5  -2  -3  -4  -5  -4   1   6  -4   1  -1  -4  -4  -2  -3  -2   0    0   0   0   0   0   0   0   0   0   0 100   0   0   0   0   0   0   0   0   0  1.03 0.21
  222 K    -1   2   2   0  -3   0   0  -2  -1  -3  -3   4  -2  -4  -2   2   0  -4  -3  -3    0  13  10   2   0   0   0   0   0   0   0  48   0   0   0  21   6   0   0   0  0.52 0.14
  223 S     1  -2  -1  -2  -2  -1  -1  -2  -2  -4  -4  -1  -3  -4  -2   6   0  -4  -3  -3    6   0   0   0   0   0   0   0   0   0   0   0   0   0   0  94   0   0   0   0  1.03 0.25
  224 D    -3  -3   1   7  -5  -2   0  -2  -2  -5  -5  -2  -5  -5  -3  -2  -2  -6  -5  -5    0   0   4  95   0   0   0   1   0   0   0   0   0   0   0   0   0   0   0   0  1.60 0.25
  225 V    -1  -4  -4  -5  -2  -4  -4  -5  -5   2   0  -4   0  -2  -4  -3  -1  -4  -3   6    0   0   0   0   0   0   0   0   0   0   0   0   0   0   0   0   0   0   0 100  1.08 0.24
  226 L    -2  -3  -4  -5  -2  -3  -4  -5  -4   0   5  -3   1  -1  -4  -2  -1  -3  -2   0    0   0   0   0   0   0   0   0   0   0  93   0   0   0   0   2   5   0   0   0  0.86 0.19
  227 F    -4  -4  -5  -5  -4  -5  -5  -5  -3  -1  -1  -5  -1   8  -5  -4  -4   0   2  -1    0   0   0   0   0   0   0   0   0   0   0   0   0  97   0   0   0   0   0   3  1.69 0.27
  228 N     1  -2   5   3  -3   0   1   0  -1  -4  -4  -1  -3  -4  -2   0   0  -4  -3  -3   14   0  42  21   0   2  10   4   0   0   0   0   0   0   0   1   5   0   0   0  0.54 0.13
  229 F    -4  -4  -5  -5  -4  -5  -5  -5  -3  -1   0  -5  -1   8  -5  -4  -4   0   2  -2    0   0   0   0   0   0   0   0   0   0   2   0   0  97   0   0   0   0   1   0  1.69 0.27
  230 N    -2  -2   7   1  -4   0  -1   2  -1  -5  -5  -1  -3  -4  -3   0  -1  -5  -3  -4    2   0  77   3   0   2   0  14   0   0   0   0   0   0   0   1   0   0   0   0  1.10 0.22
  231 K    -2   1  -1  -2  -4   2   1  -3  -2  -4  -4   6  -3  -4  -2   0  -2  -4  -3  -4    0   0   0   0   0   6   4   0   0   0   0  85   0   0   0   5   0   0   0   0  1.00 0.22
  232 S     4  -2  -1  -2  -2  -1  -2  -1   1  -3  -3  -2  -2  -3  -2   3   0   2  -1  -2   60   0   1   0   0   0   0   0   4   0   0   0   0   0   0  31   0   4   1   0  0.58 0.16
  233 T    -1  -2   2  -2  -2  -2  -1  -3  -2  -2  -3  -2  -2  -3  -2   1   6  -4  -3  -1    1   0  12   0   0   0   4   0   0   0   0   0   0   0   0   4  78   0   0   1  0.85 0.21
  234 L    -3  -3  -4  -5  -2  -3  -4  -5  -4   1   5  -4   1  -1  -4  -4  -2  -3  -2   0    0   0   0   0   0   0   0   0   0   0  98   0   0   0   0   0   0   0   0   0  0.97 0.20
  235 K    -2   1  -1  -2  -4   0   0  -3  -2  -4  -4   7  -3  -4  -2  -1  -2  -4  -3  -4    0   0   0   0   0   0   0   0   0   0   0  98   0   0   0   0   0   0   0   0  1.24 0.25
  236 P     1  -3  -3  -2  -3  -2   0  -2  -3  -3  -3  -1  -3  -4   7  -1  -1  -5  -4  -3   17   0   0   0   0   0   5   0   0   0   3   4   0   0  70   0   1   0   0   0  1.51 0.20
  237 E     0  -1  -1   0  -4   3   6  -3  -1  -4  -4   0  -3  -4  -2  -1  -2  -4  -3  -3    9   0   0   0   0  11  78   0   0   0   0   1   0   0   0   1   0   0   0   0  1.00 0.21
  238 G     2  -3  -2  -2  -3  -2  -3   6  -3  -4  -4  -2  -3  -4  -3  -1   0  -4  -4  -3   24   0   0   0   0   0   0  70   0   0   0   0   0   0   0   0   6   0   0   0  0.99 0.17
  239 Q    -1   1   0  -1  -3   5   1   0  -1  -4  -3   2  -2  -3  -2   1  -1  -3   0  -3    4   5   2   0   0  54   4   8   0   0   1   9   0   0   0  10   0   0   3   0  0.56 0.15
  240 Q    -1   1   0  -1  -4   6   2  -2   2  -4  -3   0  -2  -4  -2   0  -1  -3  -2  -3    2   4   1   0   0  68  10   1   6   0   0   0   0   0   0   5   1   0   0   1  0.87 0.20
  241 A     4  -2  -2  -2  -2   0   0  -1  -2  -1  -2  -1  -2  -3  -2   2   1  -4  -3  -1   65   0   1   0   0   3   8   0   0   3   0   0   0   0   0  11   8   0   0   2  0.48 0.14
  242 L    -3  -3  -5  -5  -2  -3  -4  -5  -4   1   5  -4   1  -1  -4  -4  -2  -3  -2   0    0   0   0   0   0   0   0   0   0   0 100   0   0   0   0   0   0   0   0   0  1.02 0.20
  243 D    -3  -2   3   7  -5   0   0  -2  -2  -4  -5  -2  -4  -5  -3  -1  -2  -5  -4  -4    0   0  12  83   0   4   1   0   0   0   0   0   0   0   0   0   0   0   0   0  1.34 0.22
  244 Q    -1   0   2   0  -3   5   1   0  -1  -3  -3   2  -2  -4  -2   0   1  -3  -3  -3    3   0  14   3   0  45   5   7   0   0   0  12   0   0   0   3   9   0   0   0  0.51 0.13
  245 L    -2  -3  -4  -5  -2  -3  -4  -5  -4   1   5  -3   3  -1  -4  -3  -2  -3  -2   0    0   0   0   0   0   0   0   0   0   5  89   0   6   0   0   0   0   0   0   0  0.87 0.18
  246 Y    -3  -3  -4  -4  -4  -1  -3  -5   0  -3  -2  -3  -2   3  -4  -3  -3   1   8  -3    0   0   0   0   0   4   0   0   0   0   0   0   0  10   0   0   0   0  86   0  1.64 0.27
  247 S     1  -1   2  -1  -2   1   0   1  -2  -3  -3  -1   0  -3  -2   3   3  -3  -3  -2    6   0  10   0   0   6   3   8   0   0   0   0   4   0   0  41  22   0   0   0  0.37 0.11
  248 Q    -2   0  -1  -1  -4   7   4  -3  -1  -4  -4   1  -2  -5  -2  -1  -2  -4  -3  -4    0   0   0   0   0  70  27   0   0   0   0   4   0   0   0   0   0   0   0   0  1.12 0.23
  249 L    -2  -3  -4  -4  -2  -3  -4  -5  -4   4   4  -4   1  -1  -4  -3  -2  -3  -2   1    0   0   0   0   0   0   0   0   0  34  66   0   0   0   0   0   0   0   0   0  0.72 0.15
  250 S     2  -1  -1  -1  -2   0   1   0  -2  -2  -2   0  -2  -3  -2   4   0  -4  -2  -1   18   0   0   0   0   2   9   3   0   0   2   5   0   0   0  53   2   0   0   6  0.37 0.12
  251 N     1  -1   4   0  -2   1   0  -1  -1  -3  -3   1  -2  -3  -2   3   0  -4  -3  -2   15   0  29   3   0   7   4   0   1   0   0   7   0   0   0  34   2   0   0   0  0.42 0.11
  252 L     1  -3  -3  -3  -2  -2  -2  -3  -3   3   2  -2   4  -1  -3  -2  -1  -3  -2   2   17   0   0   0   0   0   3   0   0  20  26   0  24   0   0   0   0   0   0  10  0.33 0.10
  253 D    -2   2   4   5  -4  -1   0   1  -1  -4  -4  -1  -3  -4  -3  -1  -2  -5  -4  -4    0  13  23  54   0   0   0   9   0   0   0   1   0   0   0   0   0   0   0   0  0.80 0.15
  254 P    -2  -3  -1  -3  -4  -2  -2  -3  -3  -3  -2  -2  -3  -4   8  -1   0  -4  -4  -3    0   0   2   0   0   0   0   0   0   0   5   0   0   0  84   2   5   0   0   0  1.92 0.22
  255 K    -1   1   0  -2  -3   1   0  -2  -2  -3  -2   5  -2  -3  -2  -1   2  -4  -3  -2    2   0   4   0   0   6   1   0   0   0   4  66   0   0   0   0  15   0   0   0  0.58 0.15
  256 D    -2  -2   2   6  -4   2   2  -2  -2  -4  -4  -1  -3  -4  -2   0  -2  -5  -4  -4    0   0   9  65   0  14   8   0   0   0   0   0   0   0   0   4   0   0   0   0  0.96 0.17
  257 G     0  -3  -1  -1  -3  -1  -2   6   1  -4  -4  -1  -3  -4  -3  -1  -2  -3  -3  -4    4   0   0   3   0   3   0  80   4   0   1   2   0   0   0   0   0   0   0   0  1.05 0.15
  258 S     0   1   1  -1  -2  -1  -1  -2  -2  -2  -2   0  -2  -3  -2   4   1  -4  -2   1    2   7   5   0   0   0   0   0   0   0   0   4   0   0   0  62   6   0   0  13  0.43 0.14
  259 V     2  -3  -4  -4  -2  -3  -3  -3  -4   2   0  -3   1  -2  -3  -2  -1  -4  -2   5   24   0   0   0   0   0   0   0   0   3   1   0   3   0   0   0   0   0   0  69  0.57 0.16
  260 V    -1  -2  -2  -3  -2  -1  -1  -3  -3   2   1  -1   0  -2  -3  -1   2  -3  -2   4    2   0   0   0   0   3   4   0   0   8  12   2   1   0   0   0  22   0   0  45  0.30 0.10
  261 V    -1  -4  -4  -4  -2  -3  -4  -4  -4   2   0  -4   0  -2  -4  -3  -1  -4  -2   6    0   0   0   0   0   0   0   0   0   6   0   0   0   0   0   0   0   0   0  94  0.96 0.21
  262 L     0  -1  -4  -4  -2  -3  -3  -4  -3   3   3  -3   1  -1  -3  -2  -1  -3  -2   2    7   4   0   0   0   0   0   0   0  28  50   0   1   0   0   2   0   0   0   8  0.41 0.10
  263 G    -1  -4  -2  -3  -4  -3  -3   7  -3  -5  -5  -3  -4  -4  -3  -1  -3  -4  -4  -5    0   0   0   0   0   0   0 100   0   0   0   0   0   0   0   0   0   0   0   0  1.64 0.22
  264 F    -3  -3  -3  -4  -4  -3  -3  -4   3  -2  -2  -3  -2   5  -4  -3  -3   1   7  -2    0   0   0   0   0   0   0   0   8   0   0   0   0  30   0   0   0   0  62   0  1.31 0.21
  265 T     0  -2  -1  -2  -2  -2  -2  -3  -3  -2  -3  -2  -2  -3  -2   1   7  -4  -3  -1    3   0   0   0   0   0   0   0   0   0   0   0   0   0   0   4  94   0   0   0  1.11 0.24
  266 D    -3  -3   0   7  -5  -2   0  -3  -2  -5  -5  -2  -5  -5  -3  -2  -2  -6  -5  -5    0   0   0 100   0   0   0   0   0   0   0   0   0   0   0   0   0   0   0   0  1.69 0.25
  267 R     0   7  -2  -3  -4   0  -1  -3   0  -4  -3   1  -3  -4  -1  -2  -2  -4  -3  -3    8  88   0   0   0   0   0   0   2   0   0   0   0   0   2   0   0   0   0   1  1.20 0.22
  268 I    -2  -4  -4  -4  -2  -4  -4  -5  -4   6   1  -4   2  -1  -4  -3  -2  -4  -2   2    0   0   0   0   0   0   0   0   0  82   6   0   5   0   0   0   0   0   0   7  0.86 0.18
  269 G    -1  -4  -2  -3  -4  -3  -3   7  -3  -5  -5  -3  -4  -4  -3  -1  -3  -4  -4  -5    0   0   0   0   0   0   0 100   0   0   0   0   0   0   0   0   0   0   0   0  1.64 0.22
  270 S     0  -2  -1  -1  -2   0  -1   0  -2  -4  -4   0  -3  -4  -2   5   1  -4  -3  -3    1   0   0   0   0   3   0   4   0   0   0   5   0   0   0  86   2   0   0   0  0.82 0.20
  271 D    -1  -1   0   6  -4   2   3  -2  -2  -4  -4   0  -3  -4   0  -1  -2  -4  -3  -4    5   0   1  56   0  10  22   0   0   0   0   4   0   0   3   0   0   0   0   0  0.82 0.15
  272 A     3  -1   2  -1  -2   2   1   0  -1  -3  -3   1  -2  -3  -2   1   0  -3  -2  -2   42   0  13   0   0  15   7   4   0   0   0  12   0   0   0   3   2   0   0   1  0.32 0.10
  273 Y    -3  -3  -3  -4  -4  -3  -3  -4   1  -3  -2  -3  -2   2  -1  -2  -3   1   8  -3    1   0   0   0   0   0   0   0   1   0   0   0   0   2   3   3   0   0  90   0  1.62 0.26
  274 N    -3  -2   8   0  -4  -1  -2  -2  -1  -5  -5  -2  -4  -5  -3  -1  -1  -5  -4  -4    0   0 100   0   0   0   0   0   0   0   0   0   0   0   0   0   0   0   0   0  1.62 0.27
  275 Q    -2  -1  -2  -2   1   6   0  -3  -1  -2   1   0   2  -3  -3  -2  -2  -3  -2  -2    0   0   0   0   4  68   0   0   1   0  20   2   5   0   0   0   0   0   0   0  0.75 0.19
  276 G     1   1  -1  -2  -3   0  -1   1  -2  -3  -2   4  -2  -4   2   0  -1  -4  -3  -2   15   5   0   0   0   1   0  11   0   0   4  48   0   0  11   3   2   0   0   0  0.41 0.11
  277 L    -3  -3  -5  -5  -2  -3  -4  -5  -4   1   5  -4   1  -1  -4  -4  -2  -3  -2   0    0   0   0   0   0   0   0   0   0   0 100   0   0   0   0   0   0   0   0   0  1.00 0.19
  278 S     0  -2  -1  -2  -2  -1  -1  -2  -2  -4  -4  -1  -3  -4  -2   6   0  -4  -3  -3    0   0   0   0   0   0   0   0   0   0   0   0   0   0   0 100   0   0   0   0  1.10 0.24
  279 E    -2  -1  -1   0  -4   5   5  -3   0  -4  -4   1  -2  -4  -2  -1  -1  -4  -3  -3    0   0   0   0   0  33  60   0   1   0   0   4   0   0   0   0   2   0   0   0  0.93 0.17
  280 K    -1   3  -1  -1  -4   4   2  -3   0  -4  -3   4  -2  -4  -2  -1  -2  -4  -2  -3    1  12   1   0   0  24  11   0   2   0   0  49   0   0   0   0   0   0   0   0  0.66 0.13
  281 R    -3   7  -2  -3  -5   0  -1  -4  -1  -4  -4   1  -3  -4  -3  -2  -2  -4  -3  -4    0 100   0   0   0   0   0   0   0   0   0   0   0   0   0   0   0   0   0   0  1.53 0.24
  282 A     6  -3  -3  -3  -2  -2  -2  -1  -3  -1  -2  -2  -2  -3  -2   0  -1  -4  -3  -1   96   0   0   0   0   0   0   0   0   4   0   0   0   0   0   0   0   0   0   0  0.89 0.20
  283 Q    -2   2   1   0  -4   7   1  -3   2  -4  -3   0  -2  -4  -3  -1  -2  -3  -2  -4    0  10   4   2   0  74   5   0   4   0   0   0   0   0   0   0   0   0   0   0  0.99 0.20
  284 S     0  -2   0  -1  -2  -1  -1   0  -2  -3  -3  -1  -2  -3  -2   5   3  -4  -3  -2    0   0   0   0   0   0   1   4   0   0   0   0   0   0   0  68  27   0   0   0  0.70 0.17
  285 V    -1  -4  -4  -4  -2  -3  -4  -4  -4   2   0  -4   0  -2  -4  -3  -1  -4  -2   6    0   0   0   0   0   0   0   0   0   0   0   0   0   0   0   0   0   0   0 100  1.00 0.21
  286 V     3  -2  -3  -3  -1  -2  -3  -2  -3   1   0  -2   1  -2  -3  -1  -1  -3  -2   4   37   2   0   0   0   0   0   0   0   2   4   0   4   0   0   0   0   0   0  50  0.40 0.12
  287 D    -2  -2   3   6  -4  -1   1  -2  -2  -4  -4  -1  -4  -4  -2   1  -1  -5  -4  -4    0   0  14  69   0   0   5   0   0   0   0   0   0   0   0  12   0   0   0   0  1.02 0.16
  288 Y    -3  -3  -4  -5  -4  -3  -4  -5   1  -3  -2  -3  -2   3  -4  -3  -3   1   9  -3    0   0   0   0   0   0   0   0   1   0   0   0   0   5   0   0   0   0  94   0  1.79 0.26
  289 L    -3  -3  -5  -5  -2  -3  -4  -5  -4   1   5  -4   1   0  -4  -4  -2  -3  -2   0    0   0   0   0   0   0   0   0   0   0  99   0   0   1   0   0   0   0   0   0  0.96 0.18
  290 I    -1  -3  -4  -4  -2  -3  -1  -4  -4   4   0  -3   0  -2  -3  -3  -1  -4  -2   5    0   0   0   0   0   0   5   0   0  32   0   0   0   0   0   0   0   0   0  63  0.65 0.15
  291 S     2  -2  -1  -1  -2   0  -1   1  -1  -3  -2  -1  -2  -3  -2   5   1  -4  -3  -2   15   0   0   0   0   3   0   9   1   0   2   0   0   0   0  67   3   0   0   0  0.55 0.14
  292 K    -2   1  -1  -2  -4   0   0  -3  -2  -4  -2   6  -2  -4  -2  -1  -2  -4  -3  -3    0   0   0   0   0   1   0   0   0   0   5  94   0   0   0   0   0   0   0   0  1.06 0.21
  293 G    -1  -3  -1  -2  -4  -3  -3   7  -3  -5  -5  -3  -4  -4  -3   0  -2  -4  -4  -4    0   0   0   0   0   0   0  96   0   0   0   0   0   0   0   4   0   0   0   0  1.49 0.20
  294 I    -1  -4  -4  -4  -2  -3  -4  -4  -4   5   2  -3   2  -1  -4  -3  -1  -3  -2   2    5   0   0   0   0   0   0   0   0  66  14   0   4   0   0   0   0   0   0  10  0.61 0.13
  295 P    -1  -3  -3  -3  -4  -2  -2  -3  -3  -4  -4  -2  -3   0   7   1  -2  -4   0  -3    2   0   0   0   0   0   0   0   0   0   0   0   0   5  75  15   0   0   3   0  1.66 0.20
  296 S     4  -2  -2  -2  -1   0  -1  -1  -2  -2  -3  -1  -2  -3   1   2   0  -4  -3  -1   64   0   0   0   0   5   0   0   0   0   0   0   0   0   4  22   3   0   0   1  0.54 0.14
  297 D    -2  -2   4   5  -4   0   0   1  -1  -4  -4  -1  -3  -4  -2   1  -1  -5  -3  -4    1   0  28  50   0   3   0  10   0   0   0   0   0   0   0   8   0   0   0   0  0.76 0.14
  298 K     0   1  -1  -2  -3   0   0  -2  -2  -2  -3   5   1  -3  -2   1   0  -4  -3  -1    9   0   0   0   0   0   0   0   0   0   0  68   5   0   0   9   4   0   0   5  0.55 0.15
  299 I    -2  -4  -4  -4  -2  -4  -4  -5  -4   6   1  -4   0   0  -4  -3  -2  -3  -2   3    0   0   0   0   0   0   0   0   0  74   2   0   0   4   0   0   0   0   0  21  0.77 0.16
  300 S     0   1   1  -1  -2   1  -1  -1  -1  -3  -3   0  -2  -3  -2   4   1  -4  -2  -1    4   9   8   0   0   5   0   0   0   0   0   4   0   0   0  59   7   0   1   4  0.44 0.12
  301 A     4  -3  -3  -3  -1  -2  -2  -1  -3   0  -1  -2  -1  -3   0   0  -1  -4  -3   2   65   0   0   0   0   0   0   0   0   4   0   0   0   0   3   2   0   0   0  26  0.50 0.14
  302 R    -1   4  -1  -1  -4   1   4  -3   0  -3  -2   1  -2  -3  -2  -1  -1  -3  -2  -1    2  40   0   0   0   5  36   0   2   0   5   3   0   0   0   0   3   0   0   4  0.54 0.12
  303 G    -1  -3   0  -2  -4  -3  -3   7  -3  -5  -5  -3  -4  -4  -3  -1  -3  -4  -4  -4    0   0   5   0   0   0   0  95   0   0   0   0   0   0   0   0   0   0   0   0  1.49 0.20
  304 M    -2   4  -2  -3  -3   0   0  -3   2   0   0   0   5  -1  -3  -2  -2  -2   1  -1    0  34   0   0   0   3   5   0   6   5   6   2  34   0   0   0   0   0   6   0  0.42 0.13
  305 G    -1  -4  -2  -3  -4  -3  -3   7  -3  -5  -5  -3  -4  -4  -3  -1  -3  -4  -4  -4    0   0   0   0   0   0   0 100   0   0   0   0   0   0   0   0   0   0   0   0  1.62 0.21
  306 E    -1   2  -1  -1  -4   1   4  -3  -1  -4  -4   5  -2  -4  -2  -1  -2  -4  -3  -3    2   5   0   0   0   3  30   0   0   0   0  60   0   0   0   0   0   0   0   0  0.76 0.16
  307 S     3  -1   0  -1  -2   0   1   0  -2  -3  -3  -1  -2  -3  -2   3   1  -3  -3  -2   39   1   1   0   0   1  10   3   0   0   0   0   0   0   0  38   7   0   0   0  0.42 0.11
  308 N     0  -2   6   3  -3   0  -1  -1  -1  -4  -4  -1  -3  -4  -3   2  -1  -5  -3  -3    6   0  60  18   0   2   0   1   0   0   0   0   0   0   0  14   0   0   0   0  0.80 0.16
  309 P    -2  -3  -3  -3  -4  -1  -2  -3  -3  -4  -4  -2  -4  -5   8   0  -2  -5  -4  -4    0   0   0   0   0   3   0   0   0   0   0   0   0   0  88   9   0   0   0   0  2.12 0.23
  310 V    -1  -4  -4  -4  -2  -3  -4  -4  -4   2   1  -3   0  -2  -4  -3  -1  -4  -2   6    0   0   0   0   0   0   0   0   0   5   5   0   0   0   0   0   1   0   0  89  0.83 0.18
  311 T    -1  -2   1  -2  -2  -2  -2  -3  -3  -2  -2  -2  -2  -3  -2   0   6  -4  -3  -1    0   0   5   0   0   0   0   0   0   1   0   0   0   0   0   1  93   0   0   0  1.07 0.22
  312 G    -1  -3  -1  -2  -4  -3  -3   7  -3  -5  -5  -3  -4  -4  -3  -1  -1  -4  -4  -4    0   0   0   0   0   0   0  94   0   0   0   0   0   0   0   0   5   0   0   0  1.43 0.19
  313 N    -1  -2   5   2  -3  -1  -1  -1  -1  -4  -4  -1  -3  -4  -2   3   1  -4  -3  -3    1   0  49  13   0   0   1   2   0   0   0   0   0   0   0  29   5   0   0   0  0.68 0.14
  314 T     0  -1   0  -2  -2  -1  -1  -2  -2  -2  -2   2  -2  -3  -2   2   5  -4  -3  -1    2   0   3   0   0   0   0   0   0   1   2  18   0   0   0  22  52   0   0   0  0.50 0.14
  315 C    -2  -5  -4  -5  11  -5  -5  -4  -4  -3  -3  -5  -3  -4  -4  -2  -2  -4  -1  -2    0   0   0   0  98   0   0   0   0   0   0   0   0   0   0   0   0   0   2   0  2.49 0.30
  316 D    -1  -2   2   5  -3  -1   0   1  -2  -3  -4  -1  -3  -4  -1   0   1  -4  -3  -2    5   0   9  56   0   0   0  12   0   0   0   2   0   0   2   2   9   0   0   3  0.63 0.12
  317 N     0  -1   4   1  -3   0  -1   1  -1  -3  -3   0  -2  -2  -2   2   0  -2   2  -3    9   0  32   6   0   3   0   8   0   0   0   4   0   0   0  25   1   0  11   0  0.35 0.10
  318 V    -1  -1  -2  -2  -2  -2  -2   0  -3   2   0   0   1  -1  -2  -2  -1  -3  -2   4    1   3   1   2   0   1   1   9   0  12   1   9   4   1   1   1   1   0   0  52  0.22 0.08
  319 K    -1   2   0  -1  -3   1   0  -2   1  -3  -3   5  -1  -3  -2   1  -1  -3  -2  -3    3   6   1   0   0   1   0   0   4   0   0  70   1   0   0   8   2   0   0   0  0.62 0.14
  320 P     1  -1   1  -1  -2   0  -1   3  -2  -3  -3   0  -2  -3   2   1  -1  -3  -3  -1   17   2   6   0   0   3   0  33   0   0   1   6   0   0  12  14   0   0   0   3  0.37 0.07
  321 R    -2   6  -1  -2  -4   0  -1  -2   2  -4  -3   3  -2  -4  -3  -2  -1  -4  -2  -4    0  68   0   0   0   0   0   2   7   0   0  21   0   0   0   0   2   0   0   0  0.95 0.17
  322 A     4   1   1  -2  -2   0  -1  -1   0  -3  -3   2  -2  -3   1   0   0  -3  -2  -2   54   8   8   0   0   3   0   0   2   0   0  14   0   0   7   2   2   0   0   0  0.36 0.10
  323 A     4  -2   0  -1  -2   0   2  -1  -2  -3  -3   0  -2  -3  -2   1  -1  -4  -3  -2   67   0   3   2   0   2  17   0   0   0   0   5   0   0   0   5   0   0   0   0  0.50 0.13
  324 L    -2  -2  -3  -4  -2   2  -2  -4  -3   0   5  -1   2  -1  -4  -3  -2  -3  -2   0    0   0   0   0   0  13   0   0   0   0  81   3   2   0   0   0   0   0   0   1  0.63 0.15
  325 I    -3  -4  -5  -4  -2  -4  -5  -5  -5   7   1  -4   0  -1  -4  -4  -2  -4  -3   2    0   0   0   0   0   0   0   0   0 100   0   0   0   0   0   0   0   0   0   0  1.13 0.22
  326 D     2  -2   2   4  -2  -1   1  -2   1  -2  -3  -1  -2  -3  -2   0  -1  -4  -2   0   26   0  10  31   0   0  11   0   5   0   0   0   0   0   0   5   0   0   0  12  0.33 0.09
  327 C    -2  -5  -4  -5  11  -5  -5  -2  -5  -3  -3  -5  -3  -4  -4  -2  -2  -4  -4  -2    0   0   0   0  98   0   0   2   0   0   0   0   0   0   0   0   0   0   0   0  2.48 0.30
  328 L    -3  -3  -5  -5  -2  -3  -4  -5  -4   1   5  -4   1   0  -4  -4  -2  -3  -2   0    0   0   0   0   0   0   0   0   0   0  98   0   0   2   0   0   0   0   0   0  0.94 0.18
  329 A     6  -3  -3  -3  -2  -2  -2   0  -3  -3  -3  -2  -2  -3  -2   0  -1  -4  -3  -1   97   0   0   0   0   0   0   3   0   0   0   0   0   0   0   0   0   0   0   0  0.93 0.20
  330 P    -2  -3  -3   0  -4  -3  -2  -3  -4  -4  -4  -2  -4  -5   8  -2  -2  -5  -4  -4    0   0   0   5   0   0   0   0   0   0   0   0   0   0  95   0   0   0   0   0  2.39 0.25
  331 D    -3  -3   1   7  -5  -1   0  -3  -2  -4  -5  -2  -4  -5  -3  -1  -2  -6  -4  -5    0   0   3  97   0   0   0   0   0   0   0   0   0   0   0   0   0   0   0   0  1.56 0.22
  332 R    -3   7  -2  -3  -5   0  -1  -4  -1  -4  -4   1  -3  -4  -3  -2  -2  -4  -3  -4    0 100   0   0   0   0   0   0   0   0   0   0   0   0   0   0   0   0   0   0  1.52 0.23
  333 R    -3   7  -2  -3  -5   0  -1  -4   2  -4  -3   1  -3  -4  -3  -2  -2  -4  -3  -4    0  95   0   0   0   0   0   0   5   0   0   0   0   0   0   0   0   0   0   0  1.40 0.22
  334 V    -1  -4  -4  -4  -2  -3  -4  -4  -4   2   0  -3   0  -2  -4  -3  -1  -4  -2   6    0   0   0   0   0   0   0   0   0   0   0   0   0   0   0   0   0   0   0 100  0.99 0.20
  335 E    -2  -1  -1   2  -5   1   6  -3  -1  -2  -3   0  -3  -4  -2  -1  -2  -4  -3  -1    0   0   0   7   0   0  85   0   0   3   0   0   0   0   0   0   0   0   0   5  1.02 0.19
  336 I    -2  -4  -4  -4  -2  -4  -4  -5  -4   6   1  -4   0  -1  -4  -3  -1  -4  -2   3    0   0   0   0   0   0   0   0   0  76   0   0   0   0   0   0   0   0   0  24  0.84 0.17
  337 E     0   1   1   0  -4   1   5  -3   1  -4  -3   2  -1  -4  -2   0  -1  -4  -3  -3    5   4   5   1   0   1  60   0   3   0   0  14   2   0   0   4   0   0   0   1  0.60 0.12
  338 V    -1  -4  -4  -4  -2  -3  -4  -4  -4   3   1  -3   0  -1  -3  -3  -1  -4  -2   5    0   0   0   0   0   0   0   0   0  16   8   0   0   0   0   0   0   0   0  76  0.71 0.15
  339 K    -1   1   1  -1  -4   4   2  -2  -1  -4  -3   4  -2  -4  -2   0   0  -4  -3  -3    0   1   5   0   0  24  15   0   0   0   0  47   0   0   0   4   4   0   0   0  0.59 0.12
  340 G    -1  -4  -2  -2  -4  -3  -3   7  -3  -5  -5  -3  -4  -4  -3  -1  -3  -4  -4  -4    0   0   0   0   0   0   0 100   0   0   0   0   0   0   0   0   0   0   0   0  1.60 0.20
  341 V    -1  -2  -1  -2  -2  -1  -1  -3  -2   3   0  -2   0   0  -3  -1   2  -3   0   3    2   0   3   0   0   3   3   0   0  35   1   0   0   2   0   3  17   0   4  25  0.23 0.08
  342 K     0   1  -1  -2  -3   1   0  -2  -2  -3  -3   5  -2  -4  -2   1   1  -4  -3  -3    3   0   0   0   0   3   0   0   0   0   0  68   0   0   0  14  10   0   0   0  0.62 0.14
  343 D    -1  -1   0   4  -4   3   4  -2  -1  -3  -3   0  -3  -4  -2  -1  -2  -4  -3  -2    3   0   0  37   0  14  41   0   0   0   0   0   0   0   0   0   0   0   0   4  0.70 0.11
  344 V     0  -2  -3  -3  -2   1  -2  -3  -3   1   0  -2   0  -2   0  -2  -1  -3  -2   5    4   0   0   0   0  11   2   0   0   1   0   0   0   0   4   0   1   0   0  77  0.48 0.12
  345 V    -1  -3  -3  -4  -2  -3  -3  -4  -4   3   0  -3   0  -2  -3  -2   1  -4  -2   5    0   0   0   0   0   0   0   0   0   9   1   0   0   0   0   0   7   0   0  83  0.63 0.12
  346 T     0  -2  -1  -2  -2  -2  -2  -2  -3   0  -1  -2  -1  -3  -1   1   5  -3  -2   1    2   0   0   0   0   0   0   0   0   6   0   0   0   0   2  10  69   0   0  12  0.53 0.11
  347 Q    -2   0  -1   0  -4   7   2  -3   0  -4  -3   1  -2  -4  -2  -1  -2  -3  -2  -3    0   0   0   4   0  85   8   0   1   0   0   3   0   0   0   0   0   0   0   0  1.04 0.16
  348 P     0  -3  -3  -2  -3  -1  -2  -3  -3  -3  -3  -2  -3  -4   8  -1  -1  -4  -4  -1    8   0   0   0   0   3   0   0   0   0   0   0   0   0  82   0   4   0   0   4  1.75 0.13
  349 Q     0   0   0  -1  -3   6   1   1   0  -4  -3   1  -1  -4  -2  -1  -1  -3  -2  -3    6   0   1   0   0  77   0  10   1   0   0   4   0   0   0   0   0   0   0   0  0.73 0.11
  350 A     5  -2  -2  -2  -1  -1  -1   0  -2  -1  -2  -1  -1  -3  -1   1   0  -3  -2   1   86   0   0   0   0   0   0   0   0   0   0   0   0   0   0   3   0   0   0  11  0.49 0.07

                      K         Lambda
Standard Ungapped    0.1338     0.3143
Standard Gapped      0.0503     0.2670
PSI Ungapped         0.1644     0.3178
PSI Gapped           0.0503     0.2670
